,Data Engineer,Database Administrator,Business Analyst,Product Manager,Data Scientist
0,0.095,0.03,0.06,0.01,0.805
1,0.18,0.025,0.015,0.02,0.76
2,0.02,0.0,0.005,0.0,0.975
3,0.125,0.025,0.015,0.105,0.73
4,0.04,0.02,0.14,0.135,0.665
5,0.27625,0.015,0.05,0.08,0.57875
6,0.035,0.03,0.025,0.015,0.895
7,0.065,0.01,0.015,0.045,0.865
8,0.04,0.035,0.105,0.025,0.795
9,0.045,0.04,0.07,0.69,0.155
10,0.155,0.07,0.03,0.0,0.745
11,0.615,0.045,0.035,0.04,0.265
12,0.145,0.03,0.025,0.005,0.795
13,0.095,0.04,0.055,0.065,0.745
14,0.05,0.025,0.025,0.075,0.825
15,0.125,0.255,0.19,0.115,0.315
16,0.065,0.015,0.0,0.02,0.9
17,0.05,0.025,0.04,0.01,0.875
18,0.11,0.025,0.015,0.1,0.75
19,0.06,0.015,0.025,0.035,0.865
20,0.02,0.015,0.035,0.02,0.91
21,0.07,0.03,0.045,0.125,0.73
22,0.065,0.0,0.015,0.035,0.885
23,0.09833333333333333,0.035,0.055,0.025,0.7866666666666667
24,0.055,0.005,0.02,0.01,0.91
25,0.06,0.0,0.025,0.005,0.91
26,0.04,0.055,0.115,0.045,0.745
27,0.005,0.0,0.005,0.0,0.99
28,0.05,0.03,0.03,0.02,0.87
29,0.02,0.03,0.01,0.0,0.94
30,0.065,0.015,0.08,0.165,0.675
31,0.025,0.01,0.01,0.0,0.955
32,0.06,0.02,0.07,0.095,0.755
33,0.09,0.025,0.04,0.045,0.8
34,0.05,0.115,0.075,0.01,0.75
35,0.045,0.0,0.04,0.025,0.89
36,0.025,0.0,0.02,0.025,0.93
37,0.07,0.09,0.06,0.11,0.67
38,0.05,0.035,0.095,0.08,0.74
39,0.1,0.04,0.075,0.035,0.75
40,0.03,0.08,0.13,0.055,0.705
41,0.9,0.045,0.015,0.015,0.025
42,0.295,0.035,0.015,0.02,0.635
43,0.765,0.025,0.075,0.03,0.105
44,0.23,0.12,0.05,0.025,0.575
45,0.94,0.04,0.0,0.005,0.015
46,0.67125,0.04,0.075,0.055,0.15875
47,0.76,0.035,0.045,0.115,0.045
48,0.935,0.005,0.01,0.005,0.045
49,0.94,0.04,0.0,0.005,0.015
50,0.715,0.09,0.05,0.08,0.065
51,0.8,0.01,0.03,0.01,0.15
52,0.465,0.115,0.04,0.04,0.34
53,0.62,0.05,0.095,0.15,0.085
54,0.76,0.16,0.025,0.005,0.05
55,0.755,0.075,0.065,0.055,0.05
56,0.04,0.025,0.05,0.85,0.035
57,0.01,0.035,0.145,0.77,0.04
58,0.0,0.01,0.08,0.895,0.015
59,0.06,0.075,0.045,0.79,0.03
60,0.025,0.005,0.02,0.935,0.015
61,0.035,0.085,0.155,0.675,0.05
62,0.03,0.03,0.05,0.85,0.04
63,0.01,0.01,0.06,0.915,0.005
64,0.03166666666666667,0.01,0.05,0.89,0.018333333333333333
65,0.025,0.035,0.09,0.815,0.035
66,0.005,0.01,0.07,0.905,0.01
67,0.02,0.035,0.015,0.91,0.02
68,0.05,0.025,0.07,0.82,0.035
69,0.04,0.025,0.025,0.9,0.01
70,0.005,0.01,0.015,0.955,0.015
71,0.01,0.075,0.135,0.725,0.055
72,0.025,0.105,0.145,0.705,0.02
73,0.02,0.96,0.005,0.01,0.005
74,0.105,0.32,0.385,0.115,0.075
75,0.025,0.945,0.015,0.01,0.005
76,0.05,0.84,0.03,0.045,0.035
77,0.025,0.895,0.045,0.02,0.015
78,0.0,0.985,0.015,0.0,0.0
79,0.03,0.94,0.0,0.03,0.0
80,0.115,0.68,0.12,0.035,0.05
81,0.0,0.915,0.07,0.015,0.0
82,0.11,0.335,0.135,0.185,0.235
83,0.05,0.75,0.115,0.07,0.015
84,0.035,0.035,0.12,0.065,0.745
85,0.0175,0.08,0.035,0.005,0.8625
86,0.035,0.0,0.005,0.02,0.94
87,0.02,0.03,0.07,0.085,0.795
88,0.12,0.01,0.01,0.0,0.86
89,0.335,0.045,0.035,0.06,0.525
90,0.07,0.13,0.035,0.0,0.765
91,0.0675,0.01,0.065,0.03,0.8275
92,0.115,0.01,0.005,0.015,0.855
93,0.105,0.045,0.125,0.02,0.705
94,0.135,0.0,0.015,0.005,0.845
95,0.015,0.015,0.0,0.02,0.95
96,0.16666666666666663,0.05,0.05,0.015,0.7183333333333334
97,0.145,0.01,0.025,0.025,0.795
98,0.065,0.2841666666666667,0.3608333333333333,0.05,0.24
99,0.02,0.025,0.055,0.01,0.89
100,0.015,0.01,0.02,0.005,0.95
101,0.82,0.08,0.02,0.0,0.08
102,0.74,0.1,0.015,0.135,0.01
103,0.685,0.005,0.005,0.0,0.305
104,0.64,0.025,0.04,0.015,0.28
105,0.455,0.09,0.115,0.075,0.265
106,0.74,0.055,0.135,0.035,0.035
107,0.115,0.045,0.445,0.25,0.145
108,0.935,0.005,0.01,0.005,0.045
109,0.985,0.0,0.01,0.0,0.005
110,0.685,0.025,0.06,0.16,0.07
111,0.69,0.1,0.02,0.015,0.175
112,0.02,0.0,0.01,0.965,0.005
113,0.05,0.03,0.04,0.84,0.04
114,0.12,0.2,0.15,0.44,0.09
115,0.055,0.005,0.085,0.735,0.12
116,0.05,0.01,0.065,0.54,0.335
117,0.24,0.13,0.17,0.27,0.19
118,0.02,0.015,0.045,0.89,0.03
119,0.05,0.0,0.015,0.925,0.01
120,0.07,0.08,0.125,0.665,0.06
121,0.095,0.045,0.16,0.605,0.095
122,0.065,0.05,0.18,0.685,0.02
123,0.02,0.045,0.07,0.845,0.02
124,0.07,0.13,0.07,0.705,0.025
125,0.015,0.04,0.025,0.905,0.015
126,0.05,0.0,0.015,0.925,0.01
127,0.095,0.84,0.025,0.015,0.025
128,0.05,0.86,0.065,0.02,0.005
129,0.065,0.675,0.075,0.13,0.055
130,0.09,0.69,0.045,0.035,0.14
131,0.02,0.87,0.035,0.03,0.045
132,0.035,0.94,0.0,0.015,0.01
133,0.03,0.965,0.0,0.0,0.005
134,0.01,0.94,0.03,0.005,0.015
135,0.005,0.975,0.015,0.005,0.0
136,0.045,0.89,0.035,0.015,0.015
137,0.01,0.94,0.03,0.005,0.015
138,0.055,0.775,0.055,0.09,0.025
139,0.005,0.97,0.005,0.01,0.01
140,0.015,0.965,0.005,0.005,0.01
141,0.025,0.765,0.175,0.025,0.01
142,0.035,0.945,0.005,0.005,0.01
143,0.045,0.775,0.1,0.065,0.015
144,0.0,0.005,0.01,0.01,0.975
145,0.06666666666666667,0.21,0.34,0.275,0.10833333333333332
146,0.14,0.11,0.05,0.095,0.605
147,0.17666666666666664,0.11,0.195,0.11,0.40833333333333327
148,0.1025,0.015,0.075,0.005,0.8025
149,0.08,0.01,0.02,0.0,0.89
150,0.045,0.005,0.045,0.01,0.895
151,0.07,0.005,0.03,0.0,0.895
152,0.04,0.025,0.055,0.025,0.855
153,0.045,0.0,0.035,0.02,0.9
154,0.03,0.02,0.01,0.02,0.92
155,0.1,0.05,0.08,0.06,0.71
156,0.0925,0.025,0.025,0.01,0.8475
157,0.27,0.11,0.225,0.055,0.34
158,0.1225,0.005,0.05,0.02,0.8025
159,0.045,0.02,0.015,0.03,0.89
160,0.045,0.01,0.005,0.015,0.925
161,0.025,0.005,0.035,0.005,0.93
162,0.125,0.055,0.085,0.1,0.635
163,0.03,0.02,0.02,0.025,0.905
164,0.135,0.025,0.03,0.005,0.805
165,0.77,0.01,0.01,0.005,0.205
166,0.85,0.01,0.01,0.015,0.115
167,0.3,0.395,0.105,0.06,0.14
168,0.255,0.3,0.14,0.125,0.18
169,0.815,0.035,0.015,0.01,0.125
170,0.43,0.155,0.29,0.025,0.1
171,0.74,0.06,0.055,0.06,0.085
172,0.87,0.02,0.025,0.005,0.08
173,0.7,0.03,0.02,0.015,0.235
174,0.635,0.07,0.16,0.085,0.05
175,0.345,0.26,0.07,0.035,0.29
176,0.815,0.0,0.025,0.01,0.15
177,0.65,0.205,0.1,0.03,0.015
178,0.64,0.03,0.075,0.02,0.235
179,0.04,0.05,0.035,0.835,0.04
180,0.0,0.01,0.02,0.96,0.01
181,0.005,0.005,0.025,0.96,0.005
182,0.05,0.085,0.07,0.745,0.05
183,0.03,0.015,0.015,0.93,0.01
184,0.0,0.005,0.045,0.95,0.0
185,0.005,0.0,0.015,0.97,0.01
186,0.015,0.02,0.02,0.935,0.01
187,0.005,0.0,0.03,0.965,0.0
188,0.01,0.005,0.085,0.895,0.005
189,0.025,0.005,0.16,0.805,0.005
190,0.045,0.045,0.05,0.785,0.075
191,0.055,0.055,0.125,0.755,0.01
192,0.01,0.005,0.035,0.94,0.01
193,0.01,0.895,0.055,0.02,0.02
194,0.015,0.945,0.03,0.01,0.0
195,0.055,0.78,0.115,0.05,0.0
196,0.035,0.925,0.02,0.01,0.01
197,0.09666666666666668,0.695,0.13,0.055,0.02333333333333333
198,0.005,0.975,0.005,0.0,0.015
199,0.055,0.745,0.045,0.06,0.095
200,0.035,0.9166666666666665,0.018333333333333333,0.03,0.0
201,0.035,0.895,0.04,0.015,0.015
202,0.095,0.75,0.105,0.04,0.01
203,0.02,0.845,0.075,0.04,0.02
204,0.03,0.9175,0.0225,0.025,0.005
205,0.025,0.775,0.03,0.01,0.16
206,0.02,0.9,0.015,0.065,0.0
207,0.055,0.825,0.07,0.045,0.005
208,0.105,0.735,0.04,0.06,0.06
209,0.015,0.9525,0.0275,0.005,0.0
210,0.005,0.98,0.015,0.0,0.0
211,0.005,0.925,0.04,0.01,0.02
212,0.075,0.05,0.05,0.05,0.775
213,0.095,0.055,0.045,0.015,0.79
214,0.02,0.005,0.0,0.035,0.94
215,0.0,0.005,0.01,0.01,0.975
216,0.1125,0.02,0.015,0.01,0.8425
217,0.065,0.005,0.045,0.085,0.8
218,0.05,0.0,0.015,0.045,0.89
219,0.095,0.015,0.03,0.025,0.835
220,0.08,0.035,0.03,0.03,0.825
221,0.005,0.0,0.005,0.005,0.985
222,0.025,0.02,0.05,0.015,0.89
223,0.0,0.01,0.025,0.055,0.91
224,0.105,0.05,0.055,0.065,0.725
225,0.03,0.01,0.015,0.03,0.915
226,0.23,0.04,0.03,0.01,0.69
227,0.12,0.03,0.1,0.095,0.655
228,0.125,0.03,0.085,0.035,0.725
229,0.06,0.0,0.005,0.05,0.885
230,0.82,0.07,0.025,0.02,0.065
231,0.12,0.41,0.27,0.085,0.115
232,0.73,0.045,0.095,0.025,0.105
233,0.2,0.4,0.22,0.105,0.075
234,1.0,0.0,0.0,0.0,0.0
235,0.655,0.075,0.115,0.14,0.015
236,0.985,0.0,0.01,0.0,0.005
237,0.715,0.075,0.085,0.01,0.115
238,0.645,0.155,0.04,0.065,0.095
239,0.8,0.05,0.005,0.03,0.115
240,0.825,0.05,0.02,0.025,0.08
241,1.0,0.0,0.0,0.0,0.0
242,0.03,0.035,0.145,0.675,0.115
243,0.0,0.005,0.015,0.98,0.0
244,0.03,0.035,0.075,0.83,0.03
245,0.01,0.005,0.02,0.965,0.0
246,0.2,0.125,0.3,0.275,0.1
247,0.005,0.0,0.135,0.86,0.0
248,0.105,0.085,0.425,0.285,0.1
249,0.005,0.02,0.02,0.95,0.005
250,0.075,0.15,0.325,0.32,0.13
251,0.015,0.03,0.04,0.91,0.005
252,0.025,0.005,0.09,0.86,0.02
253,0.025,0.02,0.055,0.88,0.02
254,0.025,0.92,0.005,0.05,0.0
255,0.015,0.7316666666666667,0.1433333333333333,0.035,0.075
256,0.02,0.72,0.14,0.105,0.015
257,0.03,0.89,0.035,0.02,0.025
258,0.02,0.94,0.025,0.0,0.015
259,0.01,0.97,0.01,0.005,0.005
260,0.045,0.805,0.1,0.045,0.005
261,0.2,0.175,0.275,0.035,0.315
262,0.025,0.895,0.065,0.015,0.0
263,0.015,0.905,0.02,0.045,0.015
264,0.03,0.87,0.055,0.03,0.015
265,0.225,0.735,0.015,0.01,0.015
266,0.02,0.93,0.03,0.005,0.015
267,0.005,0.97,0.02,0.0,0.005
268,0.01,0.965,0.015,0.0,0.01
269,0.02,0.93,0.025,0.02,0.005
270,0.07,0.505,0.315,0.06,0.05
271,0.025,0.795,0.12,0.01,0.05
272,0.11,0.235,0.205,0.365,0.085
273,0.065,0.03,0.04,0.01,0.855
274,0.01,0.055,0.05,0.015,0.87
275,0.03,0.0,0.035,0.215,0.72
276,0.035,0.005,0.015,0.0,0.945
277,0.19,0.035,0.06,0.01,0.705
278,0.16,0.06,0.09,0.045,0.645
279,0.015,0.025,0.005,0.03,0.925
280,0.095,0.045,0.07,0.04,0.75
281,0.025,0.065,0.035,0.04,0.835
282,0.78,0.08,0.04,0.05,0.05
283,0.005,0.0,0.01,0.985,0.0
284,0.015,0.005,0.04,0.87,0.07
285,0.13,0.03,0.055,0.655,0.13
286,0.0,0.02,0.045,0.93,0.005
287,0.07,0.12,0.025,0.675,0.11
288,0.01,0.005,0.03,0.945,0.01
289,0.01,0.035,0.14,0.71,0.105
290,0.0,0.915,0.065,0.01,0.01
291,0.07,0.71,0.115,0.025,0.08
292,0.0,0.965,0.035,0.0,0.0
293,0.045,0.025,0.1,0.085,0.745
294,0.03,0.14,0.02,0.025,0.785
295,0.01,0.0,0.03,0.02,0.94
296,0.145,0.02,0.18,0.215,0.44
297,0.4313095238095238,0.005,0.005,0.0,0.5586904761904762
298,0.0525,0.08,0.05,0.005,0.8125
299,0.01625,0.01,0.0,0.0,0.97375
300,0.07,0.055,0.115,0.04,0.72
301,0.07,0.03,0.045,0.135,0.72
302,0.015,0.0,0.005,0.0,0.98
303,0.21,0.12,0.22,0.105,0.345
304,0.005,0.045,0.64,0.055,0.255
305,0.06,0.05,0.045,0.025,0.82
306,0.095,0.02,0.03,0.0,0.855
307,0.28375,0.18,0.12,0.1,0.31625
308,0.15,0.085,0.05,0.025,0.69
309,0.735,0.195,0.035,0.005,0.03
310,0.36,0.07,0.085,0.105,0.38
311,0.785,0.02,0.015,0.055,0.125
312,0.4313095238095238,0.005,0.005,0.0,0.5586904761904762
313,0.705,0.04,0.18,0.045,0.03
314,0.79,0.025,0.01,0.01,0.165
315,0.085,0.095,0.065,0.69,0.065
316,0.02,0.095,0.135,0.745,0.005
317,0.01,0.02,0.255,0.71,0.005
318,0.02,0.055,0.205,0.71,0.01
319,0.005,0.01,0.035,0.93,0.02
320,0.005,0.0,0.005,0.99,0.0
321,0.025,0.025,0.015,0.925,0.01
322,0.12,0.27,0.385,0.11,0.115
323,0.015,0.02,0.055,0.905,0.005
324,0.0,0.005,0.015,0.97,0.01
325,0.005,0.005,0.125,0.855,0.01
326,0.065,0.025,0.08,0.76,0.07
327,0.04,0.915,0.025,0.01,0.01
328,0.01,0.97,0.02,0.0,0.0
329,0.015,0.945,0.02,0.01,0.01
330,0.0,0.985,0.015,0.0,0.0
331,0.01,0.91,0.05,0.005,0.025
332,0.06,0.735,0.125,0.045,0.035
333,0.04,0.765,0.065,0.085,0.045
334,0.01,0.84,0.09,0.035,0.025
335,0.03,0.91,0.02,0.0,0.04
336,0.075,0.68,0.185,0.045,0.015
337,0.13,0.415,0.19,0.195,0.07
338,0.04,0.805,0.08,0.005,0.07
339,0.015,0.96,0.01,0.01,0.005
340,0.02,0.95,0.025,0.005,0.0
341,0.08,0.005,0.115,0.01,0.79
342,0.25,0.085,0.055,0.035,0.575
343,0.01,0.02,0.01,0.005,0.955
344,0.025,0.015,0.03,0.165,0.765
345,0.055,0.01,0.02,0.0,0.915
346,0.02375,0.025,0.185,0.13,0.63625
347,0.11,0.02,0.195,0.035,0.64
348,0.055,0.035,0.015,0.0,0.895
349,0.02875,0.03,0.3,0.045,0.59625
350,0.065,0.02,0.02,0.04,0.855
351,0.09675,0.01,0.0,0.025,0.8682500000000001
352,0.055,0.0,0.02,0.01,0.915
353,0.085,0.04,0.005,0.005,0.865
354,0.055,0.03,0.02,0.005,0.89
355,0.035,0.045,0.055,0.01,0.855
356,0.075,0.025,0.02,0.01,0.87
357,0.05,0.005,0.01,0.015,0.92
358,0.085,0.19,0.025,0.005,0.695
359,0.77,0.115,0.04,0.025,0.05
360,0.83,0.025,0.02,0.04,0.085
361,0.795,0.045,0.02,0.035,0.105
362,0.485,0.01,0.02,0.02,0.465
363,0.665,0.185,0.035,0.015,0.1
364,0.17,0.14,0.225,0.255,0.21
365,0.66,0.04,0.135,0.115,0.05
366,0.215,0.13,0.465,0.055,0.135
367,0.13,0.34,0.295,0.16,0.075
368,0.8,0.12,0.01,0.015,0.055
369,0.82,0.01,0.05,0.03,0.09
370,0.82,0.045,0.05,0.02,0.065
371,0.39,0.12,0.14,0.035,0.315
372,0.01,0.005,0.09,0.89,0.005
373,0.0,0.0,0.005,0.99,0.005
374,0.025,0.03,0.16,0.74,0.045
375,0.035,0.095,0.045,0.79,0.035
376,0.17,0.055,0.075,0.315,0.385
377,0.01,0.025,0.025,0.905,0.035
378,0.01,0.015,0.045,0.925,0.005
379,0.005,0.01,0.01,0.965,0.01
380,0.33,0.05,0.12,0.295,0.205
381,0.02,0.04,0.155,0.735,0.05
382,0.015,0.01,0.02,0.94,0.015
383,0.0,0.025,0.04,0.93,0.005
384,0.035,0.01,0.01,0.875,0.07
385,0.005,0.051666666666666666,0.19333333333333336,0.735,0.015
386,0.03,0.04,0.05,0.835,0.045
387,0.07,0.18,0.11,0.5,0.14
388,0.03,0.91,0.025,0.01,0.025
389,0.015,0.975,0.0,0.01,0.0
390,0.145,0.83,0.01,0.0,0.015
391,0.04,0.915,0.025,0.005,0.015
392,0.02,0.895,0.045,0.035,0.005
393,0.035,0.85,0.1,0.01,0.005
394,0.02,0.895,0.045,0.035,0.005
395,0.09,0.75,0.025,0.065,0.07
396,0.025,0.84,0.105,0.015,0.015
397,0.015,0.8,0.07,0.105,0.01
398,0.04,0.035,0.085,0.045,0.795
399,0.13,0.01,0.02,0.005,0.835
400,0.05,0.025,0.035,0.015,0.875
401,0.15,0.13,0.07,0.035,0.615
402,0.165,0.015,0.04,0.02,0.76
403,0.065,0.035,0.155,0.055,0.69
404,0.28,0.085,0.17,0.085,0.38
405,0.045,0.005,0.0,0.0,0.95
406,0.06,0.01,0.015,0.01,0.905
407,0.73,0.03,0.03,0.0,0.21
408,0.695,0.09,0.11,0.025,0.08
409,0.765,0.05,0.02,0.025,0.14
410,0.75,0.11,0.095,0.03,0.015
411,0.745,0.085,0.105,0.025,0.04
412,0.695,0.145,0.02,0.025,0.115
413,0.01,0.015,0.06,0.91,0.005
414,0.01,0.005,0.015,0.97,0.0
415,0.125,0.025,0.18,0.635,0.035
416,0.075,0.155,0.27,0.4,0.1
417,0.04,0.01,0.075,0.86,0.015
418,0.04,0.04,0.165,0.74,0.015
419,0.02,0.025,0.04,0.9,0.015
420,0.025,0.03,0.04,0.89,0.015
421,0.0,0.01,0.04,0.895,0.055
422,0.08,0.045,0.065,0.785,0.025
423,0.03,0.935,0.015,0.005,0.015
424,0.055,0.765,0.02,0.09,0.07
425,0.1,0.71,0.1,0.015,0.075
426,0.05,0.71,0.09,0.13,0.02
427,0.04,0.715,0.08,0.15,0.015
428,0.105,0.755,0.04,0.03,0.07
429,0.065,0.765,0.025,0.015,0.13
430,0.015,0.96,0.01,0.0,0.015
431,0.05,0.865,0.025,0.0,0.06
432,0.045,0.805,0.05,0.04,0.06
433,0.005,0.995,0.0,0.0,0.0
434,0.02,0.72,0.105,0.14,0.015
435,0.02375,0.735,0.15,0.055,0.03625
436,0.1,0.795,0.045,0.02,0.04
437,0.025,0.9,0.025,0.01,0.04
438,0.2333333333333333,0.125,0.29,0.125,0.22666666666666668
439,0.13958333333333334,0.1,0.155,0.05,0.5554166666666667
440,0.035,0.015,0.02,0.005,0.925
441,0.01,0.005,0.025,0.0,0.96
442,0.13,0.025,0.045,0.055,0.745
443,0.045,0.005,0.005,0.085,0.86
444,0.035,0.03,0.04,0.065,0.83
445,0.205,0.04,0.07,0.105,0.58
446,0.02,0.025,0.105,0.825,0.025
447,0.03,0.015,0.035,0.89,0.03
448,0.015,0.005,0.025,0.93,0.025
449,0.01,0.015,0.05,0.89,0.035
450,0.01,0.015,0.045,0.91,0.02
451,0.02,0.005,0.045,0.925,0.005
452,0.03,0.045,0.16,0.725,0.04
453,0.145,0.175,0.275,0.14,0.265
454,0.03,0.02,0.03,0.885,0.035
455,0.0,0.005,0.015,0.98,0.0
456,0.015,0.015,0.04,0.915,0.015
457,0.065,0.055,0.05,0.755,0.075
458,0.02,0.875,0.02,0.04,0.045
459,0.015,0.965,0.015,0.0,0.005
460,0.01,0.955,0.035,0.0,0.0
461,0.015,0.725,0.095,0.145,0.02
462,0.025,0.92,0.025,0.02,0.01
463,0.06,0.65,0.16,0.09,0.04
464,0.07,0.835,0.045,0.0,0.05
465,0.085,0.63,0.045,0.0,0.24
466,0.035,0.91,0.005,0.025,0.025
467,0.035,0.94,0.01,0.0,0.015
468,0.005,0.93,0.05,0.005,0.01
469,0.05,0.925,0.01,0.0,0.015
470,0.05,0.03,0.02,0.025,0.875
471,0.005,0.0,0.005,0.0,0.99
472,0.05,0.015,0.02,0.005,0.91
473,0.72,0.11,0.05,0.065,0.055
474,0.865,0.055,0.03,0.01,0.04
475,0.9,0.045,0.015,0.015,0.025
476,0.065,0.0,0.005,0.025,0.905
477,0.12,0.02,0.01,0.01,0.84
478,0.195,0.045,0.03,0.025,0.705
479,0.09833333333333333,0.035,0.055,0.025,0.7866666666666667
480,0.035,0.01,0.02,0.035,0.9
481,0.02,0.015,0.04,0.02,0.905
482,0.095,0.03,0.07,0.045,0.76
483,0.006666666666666666,0.0,0.0,0.005,0.9883333333333334
484,0.09833333333333333,0.04,0.085,0.145,0.6316666666666666
485,0.045,0.015,0.05,0.035,0.855
486,0.025,0.025,0.03,0.015,0.905
487,0.06,0.005,0.01,0.005,0.92
488,0.19,0.02,0.02,0.01,0.76
489,0.09833333333333334,0.155,0.23,0.335,0.18166666666666664
490,0.105,0.025,0.03,0.03,0.81
491,0.05,0.02,0.005,0.04,0.885
492,0.05,0.005,0.02,0.015,0.91
493,0.065,0.0,0.02,0.015,0.9
494,0.945,0.025,0.005,0.0,0.025
495,0.75,0.015,0.03,0.045,0.16
496,0.4,0.09,0.165,0.065,0.28
497,0.82,0.035,0.045,0.03,0.07
498,0.665,0.05,0.095,0.165,0.025
499,0.665,0.045,0.09,0.19,0.01
500,0.765,0.0,0.065,0.03,0.14
501,0.75,0.02,0.01,0.0,0.22
502,0.945,0.005,0.005,0.01,0.035
503,0.71,0.065,0.07,0.045,0.11
504,0.365,0.235,0.135,0.145,0.12
505,0.72,0.065,0.06,0.025,0.13
506,0.9,0.01,0.02,0.01,0.06
507,0.735,0.05,0.115,0.06,0.04
508,0.95,0.0,0.0,0.005,0.045
509,0.875,0.005,0.005,0.005,0.11
510,0.19,0.06,0.045,0.045,0.66
511,0.16,0.03,0.065,0.295,0.45
512,0.48,0.19,0.015,0.065,0.25
513,0.69,0.06,0.095,0.095,0.06
514,0.74,0.04,0.035,0.015,0.17
515,0.015,0.025,0.1,0.69,0.17
516,0.085,0.08,0.095,0.705,0.035
517,0.1,0.025,0.09,0.71,0.075
518,0.005,0.02,0.025,0.94,0.01
519,0.085,0.09,0.055,0.69,0.08
520,0.035,0.01,0.03,0.915,0.01
521,0.07,0.02,0.075,0.8,0.035
522,0.035,0.015,0.02,0.905,0.025
523,0.015,0.015,0.04,0.925,0.005
524,0.05,0.0,0.015,0.925,0.01
525,0.05,0.065,0.045,0.835,0.005
526,0.1,0.055,0.085,0.695,0.065
527,0.025,0.015,0.025,0.925,0.01
528,0.01,0.0,0.115,0.865,0.01
529,0.04,0.02,0.135,0.775,0.03
530,0.05,0.74,0.125,0.015,0.07
531,0.055,0.865,0.04,0.01,0.03
532,0.08,0.85,0.025,0.005,0.04
533,0.115,0.745,0.05,0.035,0.055
534,0.095,0.7,0.13,0.015,0.06
535,0.005,0.875,0.025,0.085,0.01
536,0.045,0.665,0.06,0.16,0.07
537,0.01,0.94,0.04,0.005,0.005
538,0.05,0.715,0.175,0.035,0.025
539,0.06,0.735,0.07,0.115,0.02
540,0.035,0.875,0.04,0.02,0.03
541,0.015,0.965,0.005,0.01,0.005
542,0.21,0.42,0.145,0.105,0.12
543,0.025,0.875,0.02,0.03,0.05
544,0.025,0.87,0.055,0.025,0.025
545,0.105,0.015,0.01,0.05,0.82
546,0.0475,0.0,0.065,0.1,0.7875
547,0.125,0.03,0.075,0.185,0.585
548,0.7525,0.02,0.04,0.005,0.1825
549,0.015,0.005,0.045,0.895,0.04
550,0.055,0.0,0.025,0.915,0.005
551,0.015,0.065,0.125,0.775,0.02
552,0.06,0.635,0.225,0.04,0.04
553,0.015,0.01,0.02,0.005,0.95
554,0.055,0.005,0.045,0.005,0.89
555,0.0225,0.0,0.02,0.0,0.9575
556,0.765,0.08,0.06,0.01,0.085
557,0.015,0.02,0.075,0.875,0.015
558,0.0375,0.04,0.03,0.805,0.0875
559,0.08,0.055,0.03,0.05,0.785
560,0.11,0.045,0.05,0.07,0.725
561,0.1025,0.24,0.325,0.205,0.1275
562,0.04,0.035,0.015,0.005,0.905
563,0.045,0.015,0.04,0.04,0.86
564,0.165,0.035,0.095,0.06,0.645
565,0.1125,0.025,0.05,0.015,0.7975
566,0.09,0.245,0.375,0.195,0.095
567,0.01,0.005,0.025,0.015,0.945
568,0.65,0.035,0.265,0.045,0.005
569,0.7,0.1,0.1,0.075,0.025
570,0.675,0.045,0.08,0.04,0.16
571,0.875,0.02,0.02,0.02,0.065
572,0.69,0.095,0.04,0.045,0.13
573,0.82,0.025,0.03,0.02,0.105
574,0.755,0.08,0.045,0.01,0.11
575,0.94,0.005,0.0,0.005,0.05
576,0.015,0.005,0.04,0.905,0.035
577,0.025,0.08625,0.09875,0.76,0.03
578,0.045,0.025,0.035,0.88,0.015
579,0.025,0.005,0.075,0.875,0.02
580,0.015,0.91,0.035,0.025,0.015
581,0.05,0.88,0.035,0.025,0.01
582,0.025,0.915,0.015,0.005,0.04
583,0.005,0.925,0.04,0.01,0.02
584,0.04,0.8,0.05,0.055,0.055
585,0.015,0.885,0.055,0.02,0.025
586,0.055,0.755,0.095,0.015,0.08
587,0.03,0.03,0.055,0.04,0.845
588,0.01,0.09,0.125,0.045,0.73
589,0.07,0.02,0.005,0.015,0.89
590,0.035,0.01,0.065,0.145,0.745
591,0.03,0.015,0.035,0.045,0.875
592,0.05,0.02,0.04,0.015,0.875
593,0.11166666666666668,0.01,0.015,0.045,0.8183333333333335
594,0.115,0.03,0.265,0.145,0.445
595,0.06,0.01,0.015,0.005,0.91
596,0.115,0.03,0.265,0.145,0.445
597,0.11,0.01,0.04,0.12,0.72
598,0.665,0.115,0.145,0.03,0.045
599,0.675,0.015,0.035,0.09,0.185
600,0.72,0.115,0.075,0.07,0.02
601,0.23,0.5,0.14,0.035,0.095
602,0.235,0.105,0.225,0.035,0.4
603,0.715,0.04,0.105,0.055,0.085
604,0.86,0.04,0.04,0.025,0.035
605,0.765,0.045,0.03,0.12,0.04
606,0.86,0.015,0.015,0.02,0.09
607,0.04,0.04,0.24,0.64,0.04
608,0.015,0.025,0.055,0.9,0.005
609,0.11,0.08,0.18,0.41,0.22
610,0.135,0.075,0.225,0.285,0.28
611,0.125,0.03,0.06,0.76,0.025
612,0.025,0.79,0.045,0.12,0.02
613,0.005,0.9,0.04,0.035,0.02
614,0.005,0.9,0.04,0.035,0.02
615,0.025,0.85,0.06,0.055,0.01
616,0.025,0.01,0.01,0.0,0.955
617,0.01,0.005,0.005,0.0,0.98
618,0.08,0.0,0.01,0.005,0.905
619,0.04,0.015,0.025,0.035,0.885
620,0.08,0.02,0.0,0.015,0.885
621,0.03,0.04,0.065,0.065,0.8
622,0.14,0.125,0.435,0.16,0.14
623,0.01,0.01,0.01,0.01,0.96
624,0.08,0.015,0.01,0.04,0.855
625,0.625,0.015,0.01,0.335,0.015
626,0.79,0.02,0.03,0.03,0.13
627,1.0,0.0,0.0,0.0,0.0
628,0.725,0.05,0.18,0.03,0.015
629,1.0,0.0,0.0,0.0,0.0
630,0.93,0.025,0.0,0.01,0.035
631,0.005,0.0,0.015,0.97,0.01
632,0.07,0.09,0.095,0.705,0.04
633,0.01,0.005,0.025,0.96,0.0
634,0.02,0.005,0.06,0.85,0.065
635,0.01,0.025,0.02,0.93,0.015
636,0.005,0.02,0.04,0.91,0.025
637,0.025,0.015,0.095,0.86,0.005
638,0.07,0.035,0.06,0.785,0.05
639,0.015,0.01,0.03,0.9,0.045
640,0.04,0.065,0.3,0.54,0.055
641,0.105,0.01,0.02,0.825,0.04
642,0.015,0.02,0.035,0.925,0.005
643,0.01,0.025,0.005,0.93,0.03
644,0.02,0.07,0.045,0.84,0.025
645,0.015,0.03,0.035,0.92,0.0
646,0.125,0.32,0.195,0.235,0.125
647,0.06,0.045,0.065,0.82,0.01
648,0.015,0.015,0.04,0.93,0.0
649,0.105,0.125,0.19,0.39,0.19
650,0.04,0.005,0.04,0.895,0.02
651,0.03,0.085,0.08,0.785,0.02
652,0.01,0.94,0.015,0.02,0.015
653,0.105,0.86,0.015,0.015,0.005
654,0.035,0.9,0.03,0.015,0.02
655,0.025,0.785,0.075,0.025,0.09
656,0.06,0.9,0.02,0.0,0.02
657,0.0,0.99,0.0,0.01,0.0
658,0.02,0.92,0.04,0.0,0.02
659,0.37,0.02,0.075,0.24,0.295
660,0.155,0.055,0.02,0.03,0.74
661,0.03,0.01,0.005,0.0,0.955
662,0.195,0.12,0.245,0.11,0.33
663,0.07,0.01,0.03,0.045,0.845
664,0.06,0.055,0.115,0.01,0.76
665,0.18291666666666664,0.035,0.06,0.02,0.7020833333333334
666,0.09,0.045,0.09,0.02,0.755
667,0.01,0.005,0.005,0.0,0.98
668,0.055,0.04,0.005,0.01,0.89
669,0.795,0.15,0.015,0.025,0.015
670,0.7266666666666666,0.005,0.01,0.0,0.25833333333333336
671,0.02,0.055,0.135,0.735,0.055
672,0.01,0.04,0.03,0.91,0.01
673,0.015,0.02,0.085,0.82,0.06
674,0.035,0.025,0.02,0.91,0.01
675,0.245,0.265,0.285,0.075,0.13
676,0.005,0.03,0.05,0.9,0.015
677,0.045,0.15,0.02,0.765,0.02
678,0.17,0.34,0.04,0.21,0.24
679,0.005,0.765,0.165,0.06,0.005
680,0.08,0.72,0.045,0.11,0.045
681,0.17,0.1,0.3,0.335,0.095
682,0.085,0.785,0.065,0.055,0.01
683,0.12,0.715,0.075,0.075,0.015
684,0.005,0.95,0.025,0.01,0.01
685,0.05,0.805,0.085,0.015,0.045
686,0.01,0.96,0.015,0.005,0.01
687,0.01,0.02,0.01,0.005,0.955
688,0.01,0.005,0.005,0.0,0.98
689,0.03,0.03,0.125,0.015,0.8
690,0.015,0.0,0.02,0.005,0.96
691,0.06,0.035,0.035,0.03,0.84
692,0.15,0.04,0.09,0.025,0.695
693,0.045,0.025,0.005,0.0,0.925
694,0.16,0.115,0.18,0.19,0.355
695,0.08,0.035,0.02,0.01,0.855
696,0.06,0.035,0.15,0.045,0.71
697,0.07,0.01,0.045,0.01,0.865
698,0.0,0.005,0.01,0.01,0.975
699,0.225,0.04,0.07,0.025,0.64
700,0.0,0.01,0.025,0.055,0.91
701,0.03,0.03,0.115,0.06,0.765
702,0.075,0.015,0.065,0.035,0.81
703,0.035,0.035,0.045,0.055,0.83
704,0.01,0.02,0.04,0.03,0.9
705,0.735,0.055,0.06,0.07,0.08
706,0.76,0.015,0.015,0.025,0.185
707,0.72,0.04,0.135,0.02,0.085
708,0.6625,0.025,0.14,0.09,0.0825
709,0.52,0.165,0.05,0.1,0.165
710,0.78,0.03,0.04,0.01,0.14
711,0.72,0.065,0.135,0.02,0.06
712,0.64,0.04,0.115,0.2,0.005
713,0.82,0.055,0.015,0.01,0.1
714,0.725,0.165,0.055,0.01,0.045
715,0.165,0.51,0.115,0.02,0.19
716,0.775,0.155,0.025,0.015,0.03
717,0.72,0.015,0.055,0.03,0.18
718,1.0,0.0,0.0,0.0,0.0
719,0.855,0.04,0.015,0.015,0.075
720,0.715,0.005,0.035,0.02,0.225
721,0.03,0.03,0.05,0.875,0.015
722,0.01,0.02,0.02,0.935,0.015
723,0.035,0.015,0.08,0.845,0.025
724,0.005,0.015,0.01,0.955,0.015
725,0.01,0.015,0.045,0.91,0.02
726,0.005,0.03,0.375,0.565,0.025
727,0.115,0.035,0.085,0.615,0.15
728,0.105,0.0475,0.0675,0.755,0.025
729,0.02,0.005,0.025,0.94,0.01
730,0.025,0.05,0.095,0.8,0.03
731,0.02,0.94,0.035,0.0,0.005
732,0.005,0.975,0.015,0.005,0.0
733,0.21,0.425,0.15,0.16,0.055
734,0.025,0.95,0.02,0.005,0.0
735,0.03,0.925,0.03,0.015,0.0
736,0.025,0.95,0.015,0.005,0.005
737,0.11,0.725,0.025,0.02,0.12
738,0.015,0.87,0.065,0.03,0.02
739,0.03,0.895,0.025,0.03,0.02
740,0.005,0.99,0.0,0.0,0.005
741,0.02,0.925,0.035,0.0,0.02
742,0.0,0.995,0.005,0.0,0.0
743,0.07,0.87,0.02,0.015,0.025
744,0.005,0.945,0.03,0.01,0.01
745,0.145,0.66,0.075,0.01,0.11
746,0.065,0.84,0.055,0.005,0.035
747,0.09,0.785,0.07,0.03,0.025
748,0.28,0.215,0.125,0.255,0.125
749,0.035,0.945,0.005,0.01,0.005
750,0.025,0.9,0.05,0.005,0.02
751,0.02,0.86,0.07,0.005,0.045
752,0.025,0.89,0.065,0.015,0.005
753,0.0,0.995,0.005,0.0,0.0
754,0.085,0.7,0.075,0.005,0.135
755,0.005,0.01,0.175,0.05,0.76
756,0.055,0.015,0.04,0.015,0.875
757,0.09,0.065,0.08,0.03,0.735
758,0.0,0.01,0.01,0.0,0.98
759,0.085,0.025,0.045,0.005,0.84
760,0.0,0.01,0.01,0.0,0.98
761,0.095,0.035,0.04,0.055,0.775
762,0.115,0.05,0.055,0.01,0.77
763,0.025,0.01,0.035,0.01,0.92
764,0.23,0.075,0.075,0.37,0.25
765,0.045,0.015,0.02,0.06,0.86
766,0.045,0.005,0.005,0.005,0.94
767,0.10541666666666666,0.0,0.015,0.015,0.8645833333333333
768,0.015,0.01,0.035,0.095,0.845
769,0.105,0.06,0.04,0.025,0.77
770,0.095,0.02,0.035,0.015,0.835
771,0.92,0.025,0.02,0.01,0.025
772,0.55,0.025,0.035,0.045,0.345
773,0.245,0.045,0.1,0.03,0.58
774,0.615,0.025,0.04,0.055,0.265
775,0.85,0.01,0.015,0.06,0.065
776,0.67,0.025,0.07,0.1,0.135
777,0.705,0.06,0.02,0.03,0.185
778,0.7,0.03,0.12,0.12,0.03
779,0.75,0.025,0.045,0.075,0.105
780,0.875,0.095,0.01,0.005,0.015
781,0.815,0.065,0.035,0.025,0.06
782,0.71,0.055,0.025,0.025,0.185
783,0.765,0.1,0.04,0.015,0.08
784,0.805,0.105,0.03,0.025,0.035
785,0.03,0.09,0.095,0.74,0.045
786,0.01,0.0,0.045,0.935,0.01
787,0.09,0.035,0.065,0.73,0.08
788,0.01375,0.045,0.195,0.745,0.00125
789,0.01,0.075,0.08,0.82,0.015
790,0.005,0.0,0.005,0.99,0.0
791,0.03,0.01,0.065,0.865,0.03
792,0.03,0.24,0.08,0.65,0.0
793,0.03,0.02,0.095,0.81,0.045
794,0.04,0.015,0.035,0.905,0.005
795,0.035,0.015,0.13,0.8,0.02
796,0.09,0.835,0.05,0.005,0.02
797,0.165,0.685,0.025,0.02,0.105
798,0.125,0.6,0.085,0.145,0.045
799,0.085,0.875,0.015,0.0,0.025
800,0.015,0.8825,0.0375,0.06,0.005
801,0.02,0.91,0.045,0.015,0.01
802,0.06,0.63,0.195,0.085,0.03
803,0.04,0.805,0.035,0.02,0.1
804,0.015,0.92,0.055,0.005,0.005
805,0.02,0.885,0.05,0.035,0.01
806,0.05,0.785,0.025,0.01,0.13
807,0.23,0.08,0.075,0.02,0.595
808,0.06,0.015,0.055,0.01,0.86
809,0.03833333333333334,0.005,0.005,0.01,0.9416666666666665
810,0.065,0.005,0.01,0.005,0.915
811,0.105,0.035,0.01,0.055,0.795
812,0.005,0.005,0.185,0.13,0.675
813,0.03,0.0,0.005,0.005,0.96
814,0.68,0.115,0.05,0.05,0.105
815,0.14,0.055,0.4,0.105,0.3
816,0.685,0.065,0.14,0.075,0.035
817,0.85,0.07,0.03,0.025,0.025
818,0.67,0.05,0.035,0.04,0.205
819,0.005,0.025,0.02,0.93,0.02
820,0.075,0.02,0.115,0.095,0.695
821,0.044000000000000004,0.06,0.045,0.01,0.841
822,0.135,0.075,0.04,0.0,0.75
823,0.115,0.22,0.045,0.12,0.5
824,0.795,0.1,0.02,0.03,0.055
825,0.04,0.045,0.105,0.785,0.025
826,0.075,0.05,0.015,0.045,0.815
827,0.785,0.02,0.055,0.095,0.045
828,0.42,0.05,0.045,0.025,0.46
829,0.005,0.005,0.01,0.945,0.035
830,0.1025,0.005,0.01,0.015,0.8675
831,0.03,0.01,0.045,0.02,0.895
832,0.08833333333333333,0.025,0.025,0.01,0.8516666666666667
833,0.025,0.025,0.075,0.025,0.85
834,0.05,0.0,0.01,0.0,0.94
835,0.015,0.02,0.0,0.025,0.94
836,0.17,0.345,0.21,0.125,0.15
837,0.055,0.015,0.12,0.035,0.775
838,0.02,0.005,0.01,0.005,0.96
839,0.12,0.015,0.035,0.01,0.82
840,0.09,0.01,0.025,0.005,0.87
841,0.04,0.135,0.18,0.04,0.605
842,0.08833333333333333,0.025,0.025,0.01,0.8516666666666667
843,0.0275,0.07,0.015,0.035,0.8525
844,0.2775,0.22,0.085,0.15,0.2675
845,0.47,0.15,0.08,0.035,0.265
846,0.765,0.03,0.045,0.0,0.16
847,0.825,0.035,0.0,0.045,0.095
848,0.65,0.165,0.11,0.06,0.015
849,0.04,0.045,0.07,0.81,0.035
850,0.01,0.01,0.015,0.955,0.01
851,0.005,0.01,0.025,0.945,0.015
852,0.01,0.01,0.015,0.955,0.01
853,0.0,0.005,0.045,0.95,0.0
854,0.12,0.15,0.285,0.395,0.05
855,0.045,0.03,0.05,0.81,0.065
856,0.025,0.01,0.045,0.885,0.035
857,0.01,0.0,0.055,0.925,0.01
858,0.01,0.01,0.06,0.905,0.015
859,0.065,0.9,0.025,0.0,0.01
860,0.005,0.975,0.01,0.0,0.01
861,0.005,0.9375,0.0475,0.005,0.005
862,0.03,0.935,0.005,0.025,0.005
863,0.035,0.78,0.055,0.12,0.01
864,0.005,0.98,0.01,0.0,0.005
865,0.125,0.285,0.27,0.15,0.17
866,0.045,0.8320000000000001,0.063,0.06,0.0
867,0.015,0.9225,0.0325,0.01,0.02
868,0.085,0.88,0.02,0.005,0.01
869,0.0,0.9425,0.0475,0.005,0.005
870,0.02,0.9,0.045,0.03,0.005
871,0.025,0.935,0.015,0.01,0.015
872,0.03,0.895,0.025,0.01,0.04
873,0.0,0.955,0.015,0.015,0.015
874,0.03,0.91,0.045,0.01,0.005
875,0.025,0.915,0.045,0.015,0.0
876,0.02,0.005,0.015,0.23,0.73
877,0.24,0.07,0.125,0.015,0.55
878,0.77,0.05,0.045,0.015,0.12
879,0.715,0.055,0.02,0.035,0.175
880,0.005,0.005,0.0,0.975,0.015
881,0.125,0.71,0.06,0.07,0.035
882,0.05,0.025,0.19,0.04,0.695
883,0.06,0.015,0.02,0.005,0.9
884,0.075,0.035,0.045,0.015,0.83
885,0.9,0.005,0.0,0.025,0.07
886,0.92,0.025,0.02,0.01,0.025
887,0.87,0.01,0.035,0.02,0.065
888,0.6,0.025,0.005,0.07,0.3
889,0.75,0.035,0.07,0.0,0.145
890,0.35125,0.165,0.1,0.065,0.31875
891,0.675,0.045,0.025,0.135,0.12
892,0.025,0.005,0.04,0.925,0.005
893,0.06,0.065,0.045,0.77,0.06
894,0.03,0.0,0.07,0.86,0.04
895,0.0,0.015,0.015,0.97,0.0
896,0.01,0.0,0.035,0.94,0.015
897,0.075,0.025,0.055,0.64,0.205
898,0.01,0.005,0.045,0.925,0.015
899,0.05,0.915,0.005,0.01,0.02
900,0.18,0.4,0.235,0.09,0.095
901,0.035,0.885,0.03,0.045,0.005
902,0.3,0.58,0.06,0.01,0.05
903,0.03,0.855,0.07,0.01,0.035
904,0.005,0.97,0.02,0.005,0.0
905,0.035,0.885,0.02,0.05,0.01
906,0.94,0.005,0.0,0.005,0.05
907,0.705,0.035,0.05,0.13,0.08
908,0.145,0.015,0.025,0.665,0.15
909,0.06,0.015,0.04,0.855,0.03
910,0.03,0.93,0.01,0.025,0.005
911,0.155,0.025,0.04,0.03,0.75
912,0.06,0.045,0.005,0.005,0.885
913,0.01,0.03,0.025,0.02,0.915
914,0.05,0.03,0.005,0.04,0.875
915,0.045,0.18,0.265,0.445,0.065
916,0.46141666666666675,0.01,0.025,0.02,0.4835833333333334
917,0.14,0.015,0.04,0.035,0.77
918,0.045,0.0,0.02,0.03,0.905
919,0.0775,0.035,0.095,0.0,0.7925
920,0.025,0.03,0.02,0.01,0.915
921,0.735,0.065,0.045,0.025,0.13
922,0.7975,0.015,0.02,0.02,0.1475
923,0.725,0.16,0.035,0.04,0.04
924,0.76,0.08,0.025,0.015,0.12
925,0.735,0.065,0.045,0.025,0.13
926,0.76,0.055,0.005,0.015,0.165
927,0.845,0.07,0.015,0.005,0.065
928,0.46141666666666675,0.01,0.025,0.02,0.4835833333333334
929,0.01,0.015,0.045,0.91,0.02
930,0.015,0.015,0.02,0.935,0.015
931,0.01,0.03,0.27,0.67,0.02
932,0.005,0.04,0.1,0.845,0.01
933,0.01,0.016666666666666666,0.16833333333333336,0.78,0.025
934,0.02,0.95,0.01,0.01,0.01
935,0.025,0.93,0.035,0.005,0.005
936,0.015,0.885,0.055,0.025,0.02
937,0.015,0.985,0.0,0.0,0.0
938,0.015,0.815,0.075,0.025,0.07
939,0.01,0.81,0.085,0.05,0.045
940,0.015,0.715,0.24,0.03,0.0
941,0.025,0.715,0.21,0.04,0.01
942,0.05,0.805,0.045,0.04,0.06
943,0.04,0.9025,0.0175,0.01,0.03
944,0.075,0.065,0.025,0.035,0.8
945,0.02,0.0,0.005,0.0,0.975
946,0.02,0.005,0.0,0.025,0.95
947,0.03,0.015,0.005,0.0,0.95
948,0.05,0.03,0.04,0.01,0.87
949,0.06,0.11,0.055,0.065,0.71
950,0.885,0.045,0.01,0.01,0.05
951,0.76,0.015,0.04,0.01,0.175
952,0.45,0.06,0.06,0.27,0.16
953,0.585,0.01,0.025,0.145,0.235
954,0.73,0.02,0.02,0.105,0.125
955,0.825,0.03,0.02,0.035,0.09
956,0.635,0.065,0.08,0.08,0.14
957,0.86,0.035,0.01,0.065,0.03
958,0.79,0.045,0.035,0.015,0.115
959,0.74,0.045,0.095,0.1,0.02
960,0.755,0.03,0.01,0.015,0.19
961,0.79,0.04,0.04,0.07,0.06
962,0.765,0.005,0.0,0.0,0.23
963,0.025,0.01,0.1,0.82,0.045
964,0.035,0.0,0.045,0.91,0.01
965,0.055,0.05,0.15,0.665,0.08
966,0.01,0.0,0.015,0.97,0.005
967,0.02,0.11,0.095,0.735,0.04
968,0.035,0.01,0.03,0.915,0.01
969,0.015,0.01,0.01,0.96,0.005
970,0.045,0.0,0.035,0.745,0.175
971,0.02,0.025,0.095,0.83,0.03
972,0.025,0.01,0.03,0.9,0.035
973,0.035,0.05,0.11,0.765,0.04
974,0.03,0.035,0.045,0.88,0.01
975,0.02,0.03,0.215,0.705,0.03
976,0.035,0.715,0.21,0.03,0.01
977,0.13,0.68,0.04,0.035,0.115
978,0.12,0.635,0.065,0.0,0.18
979,0.08,0.855,0.02,0.005,0.04
980,0.035,0.0,0.01,0.03,0.925
981,0.165,0.005,0.03,0.025,0.775
982,0.645,0.035,0.08,0.19,0.05
983,0.595,0.205,0.005,0.055,0.14
984,0.83,0.05,0.025,0.08,0.015
985,0.875,0.01,0.02,0.05,0.045
986,0.08,0.065,0.13,0.71,0.015
987,0.05,0.01,0.035,0.815,0.09
988,0.005,0.02,0.035,0.91,0.03
989,0.03,0.0,0.01,0.04,0.92
990,0.8,0.095,0.025,0.015,0.065
991,0.015,0.005,0.02,0.73,0.23
992,0.055,0.005,0.125,0.72,0.095
993,0.01,0.975,0.005,0.005,0.005
994,0.035,0.035,0.095,0.05,0.785
995,0.125,0.03,0.025,0.005,0.815
996,0.045,0.015,0.025,0.015,0.9
997,0.295,0.02,0.035,0.095,0.555
998,0.03,0.005,0.02,0.0,0.945
999,0.11,0.005,0.01,0.06,0.815
1000,0.03,0.065,0.055,0.01,0.84
1001,0.05,0.07,0.125,0.09,0.665
1002,0.065,0.08,0.035,0.015,0.805
1003,0.11,0.045,0.035,0.015,0.795
1004,0.13166666666666668,0.05,0.055,0.025,0.7383333333333334
1005,0.025,0.01,0.01,0.0,0.955
1006,0.055,0.015,0.025,0.035,0.87
1007,0.925,0.01,0.0,0.015,0.05
1008,0.765,0.015,0.02,0.085,0.115
1009,1.0,0.0,0.0,0.0,0.0
1010,0.9,0.02,0.025,0.01,0.045
1011,1.0,0.0,0.0,0.0,0.0
1012,0.175,0.44,0.235,0.135,0.015
1013,0.93,0.025,0.0,0.01,0.035
1014,0.685,0.035,0.19,0.015,0.075
1015,0.8375,0.03,0.025,0.01,0.0975
1016,0.695,0.2,0.08,0.0,0.025
1017,0.725,0.06,0.045,0.04,0.13
1018,0.0,0.005,0.03,0.95,0.015
1019,0.03,0.02,0.035,0.9,0.015
1020,0.005,0.0,0.025,0.965,0.005
1021,0.01,0.005,0.04,0.935,0.01
1022,0.06,0.065,0.08,0.77,0.025
1023,0.035,0.0,0.035,0.825,0.105
1024,0.015,0.01,0.045,0.925,0.005
1025,0.005,0.035,0.035,0.92,0.005
1026,0.005,0.0,0.01,0.985,0.0
1027,0.005,0.005,0.1,0.885,0.005
1028,0.01,0.02,0.025,0.925,0.02
1029,0.04,0.02,0.045,0.855,0.04
1030,0.04,0.03,0.02,0.88,0.03
1031,0.1,0.735,0.07,0.035,0.06
1032,0.02,0.91,0.03,0.015,0.025
1033,0.015,0.89,0.045,0.04,0.01
1034,0.08,0.87,0.015,0.01,0.025
1035,0.05,0.88,0.03,0.02,0.02
1036,0.035,0.875,0.045,0.005,0.04
1037,0.04,0.805,0.04,0.015,0.1
1038,0.01,0.96,0.025,0.005,0.0
1039,0.01,0.96,0.025,0.005,0.0
1040,0.06,0.84,0.015,0.005,0.08
1041,0.175,0.275,0.225,0.115,0.21
1042,0.05,0.915,0.005,0.01,0.02
1043,0.055,0.735,0.075,0.08,0.055
1044,0.025,0.88,0.04,0.03,0.025
1045,0.01,0.895,0.07,0.015,0.01
1046,0.09,0.72,0.045,0.065,0.08
1047,0.0,0.99,0.0,0.0,0.01
1048,0.04,0.045,0.155,0.07,0.69
1049,0.12,0.015,0.035,0.115,0.715
1050,0.295,0.04,0.06,0.075,0.53
1051,0.14,0.065,0.165,0.215,0.415
1052,0.04,0.07,0.12,0.13,0.64
1053,0.005,0.015,0.04,0.04,0.9
1054,0.04,0.005,0.015,0.01,0.93
1055,0.07,0.095,0.075,0.105,0.655
1056,0.005,0.015,0.04,0.04,0.9
1057,0.025,0.005,0.01,0.02,0.94
1058,0.14,0.215,0.075,0.17,0.4
1059,0.029666666666666664,0.005,0.0,0.005,0.9603333333333335
1060,0.365,0.255,0.135,0.055,0.19
1061,0.795,0.07,0.07,0.02,0.045
1062,0.745,0.045,0.11,0.02,0.08
1063,0.065,0.05,0.08,0.725,0.08
1064,0.0,0.025,0.015,0.94,0.02
1065,0.05,0.015,0.06,0.845,0.03
1066,0.05,0.175,0.085,0.685,0.005
1067,0.03,0.015,0.035,0.9,0.02
1068,0.03,0.02,0.045,0.88,0.025
1069,0.0,0.015,0.05,0.925,0.01
1070,0.04,0.05,0.09,0.785,0.035
1071,0.03,0.135,0.09,0.735,0.01
1072,0.015,0.005,0.02,0.95,0.01
1073,0.135,0.05,0.21,0.535,0.07
1074,0.0,0.015,0.03,0.95,0.005
1075,0.018000000000000002,0.015,0.035,0.83,0.102
1076,0.01,0.02,0.03,0.925,0.015
1077,0.005,0.03,0.06,0.9,0.005
1078,0.01,0.955,0.005,0.0,0.03
1079,0.055,0.71,0.09,0.105,0.04
1080,0.13,0.775,0.01,0.0,0.085
1081,0.015,0.96,0.01,0.01,0.005
1082,0.026666666666666665,0.925,0.005,0.03,0.013333333333333332
1083,0.005,0.94,0.05,0.0,0.005
1084,0.12,0.02,0.025,0.075,0.76
1085,0.065,0.065,0.04,0.01,0.82
1086,0.085,0.02,0.02,0.01,0.865
1087,0.15,0.04,0.03,0.04,0.74
1088,0.085,0.015,0.015,0.035,0.85
1089,0.085,0.015,0.01,0.125,0.765
1090,0.075,0.07,0.05,0.185,0.62
1091,0.12375,0.015,0.04,0.015,0.80625
1092,0.025,0.04,0.025,0.0,0.91
1093,0.03,0.01,0.025,0.0,0.935
1094,0.07,0.035,0.05,0.025,0.82
1095,0.14,0.01,0.03,0.01,0.81
1096,0.05,0.03,0.0,0.025,0.895
1097,0.93,0.025,0.0,0.01,0.035
1098,0.74,0.025,0.04,0.06,0.135
1099,0.75,0.025,0.065,0.005,0.155
1100,0.955,0.01,0.015,0.01,0.01
1101,0.93,0.025,0.0,0.01,0.035
1102,0.675,0.165,0.04,0.09,0.03
1103,0.82,0.095,0.025,0.03,0.03
1104,0.955,0.01,0.015,0.01,0.01
1105,0.805,0.025,0.025,0.125,0.02
1106,0.91,0.02,0.005,0.02,0.045
1107,0.72,0.06,0.02,0.065,0.135
1108,0.06,0.02,0.05,0.815,0.055
1109,0.02,0.09666666666666668,0.11333333333333334,0.72,0.05
1110,0.035,0.03,0.115,0.81,0.01
1111,0.035,0.01,0.005,0.945,0.005
1112,0.22,0.15,0.33,0.1,0.2
1113,0.01375,0.09,0.215,0.65,0.03125
1114,0.005,0.015,0.03,0.93,0.02
1115,0.035,0.01,0.005,0.945,0.005
1116,0.005,0.01,0.065,0.92,0.0
1117,0.015,0.0,0.005,0.98,0.0
1118,0.015,0.0,0.005,0.98,0.0
1119,0.01,0.015,0.04,0.925,0.01
1120,0.015,0.025,0.035,0.905,0.02
1121,0.01,0.91,0.04,0.01,0.03
1122,0.01,0.91,0.04,0.01,0.03
1123,0.015,0.955,0.015,0.005,0.01
1124,0.14,0.775,0.02,0.005,0.06
1125,0.03,0.87,0.03,0.05,0.02
1126,0.005,0.97,0.015,0.005,0.005
1127,0.06,0.8,0.11,0.025,0.005
1128,0.13,0.72,0.04,0.07,0.04
1129,0.015,0.95,0.025,0.01,0.0
1130,0.065,0.785,0.07,0.025,0.055
1131,0.04,0.91,0.04,0.01,0.0
1132,0.035,0.805,0.085,0.05,0.025
1133,0.0,0.985,0.01,0.0,0.005
1134,0.11,0.33,0.165,0.33,0.065
1135,0.075,0.005,0.0,0.005,0.915
1136,0.02,0.0,0.005,0.0,0.975
1137,0.01,0.005,0.015,0.005,0.965
1138,0.025,0.005,0.015,0.01,0.945
1139,0.675,0.03,0.24,0.045,0.01
1140,0.66,0.03,0.055,0.22,0.035
1141,0.745,0.05,0.07,0.085,0.05
1142,0.765,0.025,0.11,0.01,0.09
1143,0.82,0.03,0.04,0.02,0.09
1144,0.71,0.105,0.125,0.01,0.05
1145,0.9,0.01,0.015,0.045,0.03
1146,0.01,0.005,0.015,0.005,0.965
1147,0.685,0.08,0.1,0.09,0.045
1148,0.06,0.015,0.055,0.77,0.1
1149,0.07,0.045,0.06,0.735,0.09
1150,0.01,0.01,0.01,0.96,0.01
1151,0.03,0.015,0.01,0.875,0.07
1152,0.055,0.005,0.01,0.865,0.065
1153,0.175,0.05,0.175,0.465,0.135
1154,0.005,0.0,0.02,0.965,0.01
1155,0.025,0.025,0.025,0.875,0.05
1156,0.16,0.42,0.155,0.195,0.07
1157,0.005,0.03,0.2,0.72,0.045
1158,0.08,0.05,0.145,0.63,0.095
1159,0.025,0.0,0.085,0.875,0.015
1160,0.01,0.20666666666666664,0.6233333333333334,0.12,0.04
1161,0.06,0.84,0.035,0.01,0.055
1162,0.015,0.925,0.04,0.015,0.005
1163,0.005,0.885,0.01,0.07,0.03
1164,0.085,0.71,0.1,0.025,0.08
1165,0.015,0.81,0.02,0.125,0.03
1166,0.01,0.015,0.0,0.01,0.965
1167,0.02,0.01,0.03,0.01,0.93
1168,0.155,0.09,0.055,0.045,0.655
1169,0.03,0.02,0.175,0.03,0.745
1170,0.03,0.015,0.085,0.025,0.845
1171,0.9,0.02,0.025,0.01,0.045
1172,0.045,0.025,0.035,0.86,0.035
1173,0.02,0.175,0.24,0.515,0.05
1174,0.005,0.01,0.055,0.925,0.005
1175,0.135,0.07,0.045,0.715,0.035
1176,0.05,0.045,0.03,0.865,0.01
1177,0.14,0.065,0.175,0.55,0.07
1178,0.045,0.025,0.035,0.86,0.035
1179,0.02,0.835,0.085,0.025,0.035
1180,0.1275,0.49,0.19,0.03,0.1625
1181,0.01,0.89,0.015,0.055,0.03
1182,0.075,0.795,0.035,0.01,0.085
1183,0.04,0.805,0.04,0.015,0.1
1184,0.02,0.88,0.035,0.065,0.0
1185,0.18,0.17,0.255,0.28,0.115
1186,0.015,0.955,0.015,0.01,0.005
1187,0.005,0.885,0.1,0.01,0.0
1188,0.3725,0.075,0.04,0.05,0.4625
1189,0.01,0.02,0.05,0.895,0.025
1190,0.01,0.02,0.455,0.47,0.045
1191,0.02,0.005,0.02,0.92,0.035
1192,0.01,0.025,0.06,0.88,0.025
1193,0.13,0.22,0.355,0.135,0.16
1194,0.345,0.09,0.14,0.175,0.25
1195,0.07,0.02,0.02,0.825,0.065
1196,0.105,0.065,0.12,0.655,0.055
1197,0.025,0.87,0.085,0.015,0.005
1198,0.01,0.97,0.015,0.005,0.0
1199,0.005,0.9366666666666668,0.03833333333333334,0.01,0.01
1200,0.021666666666666664,0.01,0.0,0.0,0.9683333333333333
1201,0.005,0.0,0.01,0.045,0.94
1202,0.19625,0.085,0.085,0.105,0.52875
1203,0.005,0.0,0.01,0.045,0.94
1204,0.075,0.03,0.02,0.07,0.805
1205,0.005,0.055,0.085,0.05,0.805
1206,0.06666666666666667,0.075,0.09,0.06,0.7083333333333335
1207,0.69,0.03,0.025,0.01,0.245
1208,0.68,0.285,0.015,0.01,0.01
1209,0.875,0.005,0.025,0.02,0.075
1210,0.73,0.11,0.09,0.035,0.035
1211,0.33,0.135,0.195,0.06,0.28
1212,0.54,0.085,0.15,0.09,0.135
1213,0.05,0.015,0.045,0.885,0.005
1214,0.04,0.04,0.11,0.75,0.06
1215,0.015,0.03,0.02,0.915,0.02
1216,0.02,0.02,0.055,0.895,0.01
1217,0.015,0.005,0.055,0.875,0.05
1218,0.02,0.015,0.015,0.92,0.03
1219,0.155,0.215,0.34,0.225,0.065
1220,0.03,0.005,0.01,0.94,0.015
1221,0.005,0.03,0.17,0.795,0.0
1222,0.025,0.055,0.24,0.655,0.025
1223,0.015,0.005,0.035,0.935,0.01
1224,0.005,0.015,0.015,0.915,0.05
1225,0.035,0.045,0.075,0.72,0.125
1226,0.055,0.0,0.07,0.79,0.085
1227,0.005,0.01,0.045,0.935,0.005
1228,0.015,0.005,0.0,0.975,0.005
1229,0.09,0.03,0.195,0.645,0.04
1230,0.005,0.7,0.135,0.105,0.055
1231,0.0,0.9725,0.0175,0.01,0.0
1232,0.025,0.8925,0.0375,0.04,0.005
1233,0.0275,0.915,0.005,0.015,0.0375
1234,0.205,0.7,0.045,0.04,0.01
1235,0.06,0.895,0.02,0.0,0.025
1236,0.16,0.735,0.03,0.02,0.055
1237,0.04,0.72,0.18,0.035,0.025
1238,0.06,0.77,0.12,0.03,0.02
