,Product Manager,Database Administrator,Data Engineer,Data Scientist,Data Analyst,Business Analyst,Data Architect
0,0.145,0.01,0.635,0.1,0.05,0.055,0.005
1,0.17,0.015,0.055,0.06,0.63,0.055,0.015
2,0.045,0.035,0.0325,0.08625,0.73,0.035,0.03625
3,0.095,0.025,0.028333333333333332,0.1,0.675,0.075,0.0016666666666666666
4,0.03,0.705,0.045,0.02,0.09,0.07,0.04
5,0.025,0.01,0.01,0.93,0.01,0.015,0.0
6,0.165,0.105,0.07,0.085,0.24166666666666664,0.2533333333333333,0.08
7,0.025,0.02,0.015,0.735,0.14,0.015,0.05
8,0.09,0.02,0.725,0.055,0.05,0.03,0.03
9,0.04,0.065,0.66,0.06,0.03,0.115,0.03
10,0.01,0.01,0.645,0.135,0.1425,0.0375,0.02
11,0.36,0.015,0.04,0.045,0.155,0.35,0.035
12,0.0,0.095,0.75,0.0325,0.035,0.02,0.0675
13,0.06,0.045,0.71,0.045,0.035,0.08,0.025
14,0.035,0.045,0.025,0.095,0.725,0.04,0.035
15,0.035,0.045,0.025,0.02,0.745,0.125,0.005
16,0.01,0.04,0.075,0.0375,0.69,0.095,0.0525
17,0.25,0.05,0.165,0.105,0.215,0.19,0.025
18,0.025,0.07,0.075,0.01375,0.04,0.035,0.74125
19,0.015,0.15,0.045,0.035,0.035,0.09,0.63
20,0.045,0.03,0.115,0.02,0.035,0.13,0.625
21,0.72,0.0,0.08,0.03,0.075,0.085,0.01
22,0.685,0.015,0.03,0.04,0.09,0.105,0.035
23,0.84,0.015,0.045,0.025,0.0,0.04,0.035
24,0.775,0.015,0.05,0.01,0.07,0.07,0.01
25,0.87,0.025,0.02,0.005,0.015,0.06,0.005
26,0.825,0.01,0.035,0.05,0.03,0.05,0.0
27,0.78,0.02,0.05625,0.04,0.01,0.05,0.04375
28,0.805,0.025,0.02,0.02,0.05,0.08,0.0
29,0.89,0.0,0.01,0.02,0.005,0.07,0.005
30,0.495,0.02,0.08,0.115,0.075,0.145,0.07
31,0.845,0.01,0.025,0.01,0.035,0.075,0.0
32,0.915,0.015,0.02,0.0,0.01,0.025,0.015
33,0.93,0.005,0.005,0.015,0.01,0.025,0.01
34,0.89,0.005,0.02,0.01,0.015,0.035,0.025
35,0.94,0.005,0.01,0.01,0.02,0.01,0.005
36,0.13,0.145,0.115,0.125,0.21375,0.20625,0.065
37,0.685,0.005,0.055,0.045,0.04,0.155,0.015
38,0.04,0.025,0.02,0.78,0.07,0.05,0.015
39,0.015,0.04,0.0225,0.655,0.13,0.07,0.0675
40,0.15,0.0,0.7,0.02,0.055,0.065,0.01
41,0.09,0.02,0.725,0.055,0.05,0.03,0.03
42,0.005,0.01,0.95,0.02,0.01,0.0,0.005
43,0.02,0.055,0.74,0.05,0.05,0.06,0.025
44,0.005,0.055,0.045,0.04333333333333334,0.76,0.085,0.006666666666666666
45,0.1,0.045,0.055,0.285,0.33875,0.10625,0.07
46,0.085,0.0,0.02,0.045,0.785,0.06,0.005
47,0.01,0.125,0.03,0.015,0.7,0.09,0.03
48,0.12,0.01,0.055,0.045,0.065,0.03,0.675
49,0.025,0.175,0.305,0.05,0.05,0.135,0.26
50,0.825,0.005,0.015,0.03,0.04166666666666666,0.06333333333333332,0.02
51,0.69,0.11,0.05,0.03,0.045,0.04,0.035
52,0.0,0.005,0.01,0.925,0.02,0.02,0.02
53,0.0,0.0,0.025,0.935,0.015,0.02,0.005
54,0.025,0.01,0.685,0.075,0.08,0.075,0.05
55,0.065,0.025,0.685,0.105,0.03,0.05,0.04
56,0.01,0.1,0.66,0.005,0.015,0.18,0.03
57,0.005,0.005,0.595,0.285,0.05,0.03,0.03
58,0.1,0.025,0.07,0.025,0.075,0.55,0.155
59,0.04,0.135,0.055,0.025,0.675,0.04,0.03
60,0.01,0.05,0.0225,0.035,0.69,0.105,0.0875
61,0.075,0.23,0.055,0.06499999999999999,0.185,0.24,0.15
62,0.965,0.0,0.0,0.015,0.005,0.015,0.0
63,0.945,0.005,0.005,0.01,0.0,0.035,0.0
64,0.87,0.01,0.015,0.01,0.0,0.065,0.03
65,0.865,0.0,0.005,0.0,0.005,0.125,0.0
66,0.85,0.0,0.04,0.04,0.015,0.035,0.02
67,0.02,0.875,0.005,0.005,0.045,0.035,0.015
68,0.0,0.73,0.015,0.13,0.035,0.06,0.03
69,0.015,0.815,0.05,0.01,0.055,0.02,0.035
70,0.0,0.87,0.025,0.005,0.03,0.01,0.06
71,0.0,0.935,0.015,0.005,0.005,0.02,0.02
72,0.06,0.015,0.04,0.68,0.035,0.16,0.01
73,0.01,0.01,0.005,0.755,0.1,0.11,0.01
74,0.015,0.0,0.005,0.92,0.03,0.03,0.0
75,0.005,0.005,0.0,0.885,0.0625,0.0125,0.03
76,0.01,0.035,0.085,0.79,0.02,0.02,0.04
77,0.155,0.0,0.04,0.745,0.035,0.02,0.005
78,0.025,0.005,0.07,0.78,0.065,0.025,0.03
79,0.005,0.01,0.025,0.89,0.045,0.01,0.015
80,0.005,0.045,0.045,0.755,0.055,0.055,0.04
81,0.0,0.0,0.01,0.95,0.024,0.006,0.01
82,0.015,0.045,0.01,0.43,0.34,0.13,0.03
83,0.17,0.01,0.04,0.665,0.015,0.09,0.01
84,0.19,0.01,0.03,0.665,0.015,0.065,0.025
85,0.0,0.005,0.035,0.825,0.06,0.01,0.065
86,0.005,0.04,0.075,0.685,0.07,0.07,0.055
87,0.035,0.01,0.035,0.77,0.035,0.08,0.035
88,0.04,0.01,0.05,0.72,0.05,0.08,0.05
89,0.1,0.005,0.025,0.715,0.065,0.08,0.01
90,0.03,0.075,0.2325,0.22125,0.225,0.16,0.05625
91,0.015,0.03,0.65,0.055,0.025,0.185,0.04
92,0.005,0.05,0.73,0.03,0.06,0.095,0.03
93,0.03,0.14,0.185,0.115,0.125,0.315,0.09
94,0.0,0.0,0.995,0.005,0.0,0.0,0.0
95,0.035,0.045,0.635,0.02,0.045,0.16,0.06
96,0.005,0.01,0.95,0.02,0.01,0.0,0.005
97,0.01,0.085,0.61,0.06,0.0475,0.0575,0.13
98,0.02,0.045,0.6104166666666666,0.06958333333333333,0.095,0.115,0.045
99,0.04,0.02,0.66,0.045,0.055,0.125,0.055
100,0.03,0.02,0.77,0.03,0.065,0.05,0.035
101,0.0,0.0,0.995,0.005,0.0,0.0,0.0
102,0.035,0.03,0.035,0.055,0.71,0.105,0.03
103,0.02,0.07,0.085,0.52,0.135,0.14,0.03
104,0.02,0.015,0.07,0.09,0.69,0.08,0.035
105,0.005,0.14,0.025,0.045,0.68,0.085,0.02
106,0.005,0.07,0.0125,0.1375,0.72,0.025,0.03
107,0.01,0.02,0.015,0.005,0.741,0.184,0.025
108,0.03,0.6,0.08,0.01,0.09,0.11,0.08
109,0.01,0.145,0.01,0.035,0.715,0.045,0.04
110,0.02,0.03,0.0175,0.1725,0.7,0.05,0.01
111,0.06,0.485,0.06,0.02,0.235,0.065,0.075
112,0.01,0.02,0.01,0.015,0.69,0.225,0.03
113,0.16,0.065,0.195,0.09,0.115,0.205,0.17
114,0.06,0.115,0.0,0.035,0.095,0.085,0.61
115,0.04,0.45,0.14,0.05,0.135,0.1,0.085
116,0.055,0.06,0.06583333333333333,0.0875,0.115,0.405,0.21166666666666667
117,0.0,0.01,0.0,0.0,0.0,0.005,0.985
118,0.005,0.025,0.04,0.085,0.01,0.0,0.835
119,0.005,0.06,0.065,0.005,0.045,0.06,0.76
120,0.065,0.025,0.375,0.07,0.105,0.18,0.18
121,0.045,0.22,0.075,0.05,0.13,0.325,0.155
122,0.015,0.04,0.03,0.08,0.015,0.015,0.805
123,0.01,0.025,0.025,0.015,0.10511904761904761,0.13988095238095238,0.68
124,0.085,0.035,0.025,0.025,0.05,0.085,0.695
125,0.95,0.0,0.03,0.01,0.0,0.01,0.0
126,0.91,0.015,0.015,0.02,0.03,0.01,0.0
127,0.81,0.01,0.005,0.03,0.045,0.09,0.01
128,0.945,0.005,0.01,0.015,0.01,0.015,0.0
129,0.845,0.015,0.035,0.025,0.02,0.035,0.025
130,0.785,0.0,0.02,0.025,0.075,0.09,0.005
131,0.195,0.06,0.065,0.075,0.18,0.33,0.095
132,0.915,0.01,0.02,0.01,0.0,0.03,0.015
133,0.735,0.005,0.03,0.015,0.1,0.08,0.035
134,0.805,0.015,0.065,0.015,0.02,0.075,0.005
135,0.795,0.015,0.025,0.02,0.04,0.09,0.015
136,0.785,0.005,0.05,0.03,0.05,0.075,0.005
137,0.03,0.875,0.02,0.005,0.03,0.025,0.015
138,0.045,0.65,0.018333333333333333,0.08,0.07,0.085,0.051666666666666666
139,0.185,0.1,0.085,0.03,0.25,0.2,0.15
140,0.015,0.77,0.05,0.01,0.035,0.03,0.09
141,0.025,0.815,0.04,0.015,0.06,0.02,0.025
142,0.005,0.92,0.01,0.005,0.01,0.025,0.025
143,0.035,0.705,0.045,0.02,0.055,0.1,0.04
144,0.025,0.1,0.045,0.09,0.27375,0.44625,0.02
145,0.005,0.785,0.005,0.0,0.08,0.07,0.055
146,0.02,0.9,0.02,0.01,0.015,0.01,0.025
147,0.025,0.775,0.035,0.005,0.02,0.09,0.05
148,0.095,0.325,0.22,0.07,0.085,0.115,0.09
149,0.01,0.675,0.045,0.02,0.06,0.12,0.07
150,0.005,0.915,0.01,0.0,0.035,0.015,0.02
151,0.005,0.92,0.02,0.0,0.025,0.025,0.005
152,0.005,0.875,0.035,0.01,0.035,0.01,0.03
153,0.005,0.73,0.0425,0.005,0.06,0.085,0.0725
154,0.11,0.22,0.105,0.115,0.1,0.2,0.15
155,0.19,0.12,0.07458333333333333,0.07,0.16,0.165,0.22041666666666668
156,0.035,0.04,0.08166666666666668,0.45708333333333334,0.29916666666666664,0.06583333333333333,0.02125
157,0.015,0.025,0.075,0.71,0.06,0.105,0.01
158,0.64,0.0,0.05,0.16,0.045,0.065,0.04
159,0.0,0.03,0.005,0.67,0.23,0.055,0.01
160,0.045,0.11,0.1125,0.145,0.23,0.24,0.1175
161,0.0,0.0,0.05,0.89,0.025,0.02,0.015
162,0.02,0.01,0.0,0.915,0.03,0.025,0.0
163,0.085,0.015,0.055,0.67,0.025,0.085,0.065
164,0.04,0.02,0.01,0.83,0.055,0.035,0.01
165,0.045,0.03,0.765,0.025,0.03,0.07,0.035
166,0.01,0.03,0.005,0.19,0.71,0.04,0.015
167,0.025,0.14,0.015,0.04,0.705,0.03,0.045
168,0.01,0.015,0.015,0.21,0.715,0.02,0.015
169,0.025,0.025,0.05,0.04,0.75,0.08,0.03
170,0.075,0.065,0.035,0.09,0.37,0.325,0.04
171,0.025,0.03,0.025,0.065,0.72,0.1,0.035
172,0.03,0.03,0.035,0.11166666666666666,0.645,0.12,0.028333333333333335
173,0.01,0.22,0.025,0.01,0.02,0.07,0.645
174,0.005,0.2,0.03,0.015,0.025,0.015,0.71
175,0.0,0.06,0.035,0.005,0.005,0.01,0.885
176,0.085,0.15,0.095,0.08,0.18,0.27,0.14
177,0.0,0.06,0.035,0.005,0.005,0.01,0.885
178,0.125,0.015,0.045,0.01,0.08,0.065,0.66
179,0.02,0.175,0.01,0.01,0.06,0.04,0.685
180,0.0,0.61,0.055,0.045,0.055,0.12,0.115
181,0.925,0.005,0.02,0.005,0.01,0.035,0.0
182,0.86,0.0,0.015,0.06,0.02,0.035,0.01
183,0.665,0.005,0.04,0.05,0.07,0.16,0.01
184,0.96,0.0,0.005,0.0,0.005,0.025,0.005
185,0.075,0.055,0.19375,0.08791666666666668,0.09,0.38,0.11833333333333335
186,0.675,0.025,0.065,0.065,0.045,0.105,0.02
187,0.6,0.01,0.005,0.075,0.215,0.085,0.01
188,0.005,0.815,0.005,0.0,0.015,0.14,0.02
189,0.03,0.7,0.025,0.015,0.11875,0.08625,0.025
190,0.0,0.94,0.01,0.005,0.01,0.005,0.03
191,0.09,0.01,0.04625,0.7,0.065,0.085,0.00375
192,0.05,0.34,0.1015,0.2585,0.145,0.06,0.045
193,0.07,0.005,0.025,0.71,0.10875,0.07125,0.01
194,0.12,0.0,0.02,0.71,0.08,0.065,0.005
195,0.015,0.01,0.4458928571428571,0.49410714285714286,0.025,0.01,0.0
196,0.005,0.09,0.05,0.7449999999999999,0.08,0.02,0.01
197,0.0,0.005,0.01,0.865,0.065,0.01,0.045
198,0.02,0.04,0.015,0.71,0.04,0.14,0.035
199,0.17,0.01,0.04,0.71,0.02,0.03,0.02
200,0.025,0.005,0.015,0.89,0.05,0.015,0.0
201,0.055,0.005,0.0325,0.665,0.09,0.075,0.0775
202,0.01,0.0525,0.04,0.26,0.195,0.3775,0.065
203,0.02,0.01,0.015,0.765,0.05,0.115,0.025
204,0.005,0.02,0.0175,0.7,0.135,0.1,0.0225
205,0.125,0.095,0.04,0.11,0.225,0.37,0.035
206,0.005,0.015,0.005,0.84,0.1,0.025,0.01
207,0.0,0.185,0.69,0.005,0.04,0.04,0.04
208,0.09,0.015,0.73,0.015,0.06,0.07,0.02
209,0.25,0.035,0.3375,0.065,0.09,0.145,0.0775
210,0.015,0.01,0.4458928571428571,0.49410714285714286,0.025,0.01,0.0
211,0.015,0.015,0.675,0.03,0.1025,0.1175,0.045
212,0.13,0.01,0.115,0.12,0.055,0.04,0.53
213,0.035,0.02,0.03,0.06666666666666667,0.73,0.105,0.013333333333333332
214,0.015,0.025,0.01,0.01,0.825,0.08,0.035
215,0.005,0.075,0.0,0.01,0.755,0.135,0.02
216,0.015,0.03,0.0225,0.0675,0.755,0.105,0.005
217,0.09,0.035,0.045,0.05,0.705,0.065,0.01
218,0.045,0.0,0.0,0.0,0.925,0.025,0.005
219,0.035,0.425,0.075,0.01,0.11,0.18,0.165
220,0.02,0.01,0.04,0.015,0.705,0.165,0.045
221,0.025,0.03,0.09,0.255,0.35,0.225,0.025
222,0.035,0.055,0.07,0.275,0.405,0.115,0.045
223,0.01,0.005,0.0,0.005,0.925,0.045,0.01
224,0.045,0.165,0.125,0.255,0.17,0.165,0.075
225,0.01,0.02,0.01,0.0,0.89,0.06,0.01
226,0.045,0.0,0.0,0.0,0.925,0.025,0.005
227,0.01,0.035,0.025,0.05,0.03,0.155,0.695
228,0.01,0.035,0.025,0.05,0.03,0.155,0.695
229,0.09,0.005,0.08,0.1,0.03,0.035,0.66
230,0.025,0.025,0.11875,0.025,0.025,0.05,0.73125
231,0.56,0.04,0.04,0.045,0.065,0.205,0.045
232,0.68,0.045,0.075,0.015,0.035,0.115,0.035
233,0.755,0.015,0.05,0.005,0.055,0.1,0.02
234,0.69,0.03,0.015,0.045,0.115,0.09,0.015
235,0.82,0.01,0.02,0.055,0.01,0.075,0.01
236,0.99,0.0,0.0,0.01,0.0,0.0,0.0
237,0.805,0.005,0.03,0.03,0.03,0.1,0.0
238,0.65,0.085,0.02,0.03,0.095,0.105,0.015
239,0.85,0.01,0.025,0.03,0.02,0.035,0.03
240,0.925,0.005,0.0,0.03,0.01,0.03,0.0
241,0.42,0.02,0.03,0.04,0.085,0.33,0.075
242,0.905,0.0,0.015,0.025,0.01,0.035,0.01
243,0.005,0.82,0.06,0.01,0.05,0.03,0.025
244,0.0,0.935,0.015,0.0,0.015,0.01,0.025
245,0.06,0.89,0.01,0.01,0.01,0.015,0.005
246,0.02,0.53,0.03,0.045,0.15,0.155,0.07
247,0.025,0.51,0.05,0.035,0.11,0.2,0.07
248,0.115,0.145,0.08333333333333331,0.12,0.17,0.325,0.04166666666666667
249,0.03,0.68,0.02,0.025,0.06,0.135,0.05
250,0.02,0.67,0.04333333333333334,0.03,0.11,0.09,0.03666666666666667
251,0.015,0.88,0.04,0.005,0.025,0.015,0.02
252,0.1,0.685,0.03,0.015,0.03,0.105,0.035
253,0.03,0.77,0.075,0.015,0.02,0.045,0.045
254,0.02,0.785,0.025,0.03,0.06,0.05,0.03
255,0.005,0.975,0.0,0.0,0.005,0.01,0.005
256,0.005,0.8875,0.015,0.005,0.035,0.0325,0.02
257,0.015,0.22,0.665,0.005,0.035,0.03,0.03
258,0.15,0.015,0.675,0.035,0.075,0.045,0.005
259,0.015,0.02,0.66,0.075,0.1,0.095,0.035
260,0.105,0.035,0.175,0.51,0.035,0.125,0.015
261,0.005,0.115,0.66,0.07,0.015,0.02,0.115
262,0.15,0.015,0.625,0.02,0.025,0.11,0.055
263,0.2,0.02,0.66,0.025,0.04,0.04,0.015
264,0.015,0.035,0.68,0.03,0.05,0.115,0.075
265,0.02,0.045,0.68,0.03,0.045,0.165,0.015
266,0.0,0.18,0.71,0.005,0.03,0.05,0.025
267,0.04,0.035,0.7,0.1025,0.03,0.06,0.0325
268,0.07,0.035,0.665,0.06,0.06666666666666667,0.06833333333333333,0.035
269,0.005,0.075,0.14833333333333334,0.125,0.215,0.34,0.09166666666666667
270,0.05,0.34,0.115,0.14,0.19,0.125,0.04
271,0.03,0.035,0.075,0.04,0.035,0.12,0.665
272,0.965,0.005,0.005,0.0,0.005,0.015,0.005
273,0.73,0.035,0.045,0.025,0.06,0.095,0.01
274,0.275,0.13,0.055,0.06,0.105,0.335,0.04
275,0.015,0.015,0.05,0.79,0.045,0.05,0.035
276,0.04,0.035,0.03,0.715,0.115,0.045,0.02
277,0.105,0.105,0.18,0.11,0.115,0.27,0.115
278,0.15,0.07,0.15666666666666665,0.13833333333333334,0.12,0.14,0.225
279,0.035,0.035,0.2225,0.21,0.165,0.2,0.1325
280,0.03,0.01,0.02,0.635,0.19,0.095,0.02
281,0.12,0.08,0.11,0.11,0.19,0.325,0.065
282,0.01,0.01,0.025,0.84,0.07,0.02,0.025
283,0.005,0.005,0.065,0.875,0.015,0.015,0.02
284,0.01,0.02,0.7108333333333334,0.07916666666666666,0.115,0.025,0.04
285,0.025,0.04,0.6025,0.0625,0.04,0.2,0.03
286,0.01,0.03,0.7075,0.12916666666666665,0.02,0.045,0.05833333333333334
287,0.015,0.05,0.61,0.02,0.075,0.18,0.05
288,0.02,0.025,0.72,0.045,0.05,0.11,0.03
289,0.005,0.195,0.6025,0.035,0.04,0.045,0.0775
290,0.01,0.09,0.01,0.075,0.7775,0.0325,0.005
291,0.18,0.265,0.085,0.035,0.25,0.125,0.06
292,0.105,0.225,0.1,0.155,0.195,0.18,0.04
293,0.035,0.04,0.0625,0.035,0.705,0.075,0.0475
294,0.005,0.0475,0.005,0.035,0.78,0.0875,0.04
295,0.005,0.005,0.025,0.14041666666666666,0.725,0.075,0.024583333333333336
296,0.045,0.025,0.06,0.025,0.68,0.115,0.05
297,0.025,0.03,0.0575,0.0475,0.67,0.16,0.01
298,0.05,0.01,0.025,0.125,0.725,0.05,0.015
299,0.075,0.005,0.06,0.05,0.74,0.045,0.025
300,0.01,0.015,0.025,0.015,0.68,0.2,0.055
301,0.03,0.025,0.015,0.045,0.8,0.06,0.025
302,0.0,0.035,0.025,0.165,0.065,0.045,0.665
303,0.055,0.015,0.03,0.01,0.02,0.24,0.63
304,0.035,0.015,0.035,0.015,0.05,0.095,0.755
305,0.025,0.33,0.185,0.065,0.055,0.09,0.25
306,0.585,0.03,0.06,0.115,0.015,0.14,0.055
307,0.905,0.0,0.03,0.01,0.01,0.03,0.015
308,0.84,0.005,0.035,0.025,0.025,0.04,0.03
309,0.09,0.105,0.06,0.08,0.145,0.235,0.285
310,0.8,0.015,0.01,0.0,0.015,0.145,0.015
311,0.65,0.05,0.025,0.015,0.055,0.155,0.05
312,0.89,0.015,0.025,0.01,0.03,0.025,0.005
313,0.86,0.015,0.04,0.045,0.015,0.015,0.01
314,0.89,0.01,0.005,0.035,0.01,0.04,0.01
315,0.93,0.0,0.01,0.005,0.005,0.04,0.01
316,0.0,0.92,0.01,0.0,0.025,0.04,0.005
317,0.125,0.645,0.025,0.025,0.06,0.1,0.02
318,0.01,0.895,0.005,0.01,0.05,0.0,0.03
319,0.09,0.675,0.09,0.025,0.015,0.065,0.04
320,0.075,0.66,0.05,0.035,0.04,0.09,0.05
321,0.025,0.765,0.035,0.025,0.05,0.03,0.07
322,0.005,0.88,0.025,0.045,0.0,0.03,0.015
323,0.0,0.82,0.02,0.005,0.03,0.09,0.035
324,0.005,0.82,0.03,0.02,0.03,0.02,0.075
325,0.03,0.8358333333333333,0.025,0.04,0.02,0.034166666666666665,0.015
326,0.015,0.46,0.07,0.04,0.13,0.145,0.14
327,0.06,0.045,0.13,0.12666666666666665,0.11,0.385,0.1433333333333333
328,0.045,0.22,0.04,0.045,0.28374999999999995,0.32125,0.045
329,0.015,0.8,0.01,0.01,0.07,0.055,0.04
330,0.0,0.835,0.05,0.0225,0.005,0.03,0.0575
331,0.035,0.66,0.025,0.04,0.16,0.055,0.025
332,0.01,0.005,0.018333333333333333,0.7866666666666667,0.1175,0.0475,0.015
333,0.01,0.03,0.015,0.76,0.05,0.11,0.025
334,0.01,0.0,0.015,0.925,0.0275,0.0225,0.0
335,0.04,0.025,0.015,0.82,0.05,0.035,0.015
336,0.075,0.0,0.05,0.79,0.03,0.035,0.02
337,0.065,0.015,0.0225,0.7,0.14,0.055,0.0025
338,0.12,0.0,0.035,0.75,0.025,0.06,0.01
339,0.02,0.025,0.055,0.11,0.705,0.07,0.015
340,0.015,0.02,0.025,0.085,0.7516666666666666,0.09333333333333332,0.01
341,0.015,0.01,0.005,0.165,0.715,0.05,0.04
342,0.0,0.23,0.015,0.02,0.67,0.035,0.03
343,0.015,0.02,0.0,0.065,0.745,0.125,0.03
344,0.02,0.055,0.015,0.02,0.7025,0.1775,0.01
345,0.035,0.02,0.01,0.07,0.81875,0.02625,0.02
346,0.015,0.065,0.045,0.035,0.705,0.11,0.025
347,0.045,0.04,0.065,0.05375,0.645,0.12,0.03125
348,0.045,0.03,0.045,0.035,0.05,0.195,0.6
349,0.015,0.05,0.0575,0.02,0.025,0.095,0.7375
350,0.005,0.125,0.04,0.0525,0.045,0.025,0.7075
351,0.005,0.28,0.025,0.03,0.02,0.0,0.64
352,0.77,0.02,0.075,0.045,0.025,0.04,0.025
353,0.89,0.01,0.035,0.015,0.005,0.02,0.025
354,0.83,0.005,0.05,0.03,0.035,0.04,0.01
355,0.73,0.025,0.05,0.075,0.05,0.03,0.04
356,0.955,0.01,0.005,0.005,0.005,0.01,0.01
357,0.715,0.02,0.05,0.05,0.035,0.12,0.01
358,0.76,0.02,0.01,0.025,0.015,0.145,0.025
359,0.66,0.005,0.025,0.035,0.125,0.145,0.005
360,0.85,0.015,0.025,0.005,0.015,0.085,0.005
361,0.92,0.0,0.025,0.005,0.005,0.015,0.03
362,0.955,0.0,0.005,0.005,0.015,0.005,0.015
363,0.94,0.005,0.01,0.01,0.005,0.015,0.015
364,0.01,0.815,0.03,0.015,0.035,0.045,0.05
365,0.01,0.91,0.025,0.0,0.02,0.015,0.02
366,0.01,0.91,0.015,0.0,0.01,0.035,0.02
367,0.02,0.73,0.01,0.02,0.025,0.045,0.15
368,0.005,0.805,0.075,0.015,0.04,0.025,0.035
369,0.02,0.66,0.026666666666666665,0.015,0.195,0.065,0.018333333333333333
370,0.0,0.965,0.0,0.0,0.015,0.0,0.02
371,0.015,0.635,0.0,0.195,0.07,0.055,0.03
372,0.015,0.77,0.05,0.01,0.02,0.05,0.085
373,0.0,0.97,0.005,0.005,0.01,0.0,0.01
374,0.005,0.775,0.06,0.015,0.025,0.035,0.085
375,0.0,0.95,0.015,0.0,0.005,0.0,0.03
376,0.015,0.005,0.08,0.805,0.05,0.015,0.03
377,0.0,0.0,0.05,0.92,0.02,0.005,0.005
378,0.035,0.02,0.065,0.77,0.02,0.055,0.035
379,0.04,0.01,0.755,0.055,0.045,0.055,0.04
380,0.03,0.025,0.68,0.015,0.065,0.065,0.12
381,0.02,0.09,0.665,0.015,0.115,0.075,0.02
382,0.095,0.075,0.07,0.135,0.285,0.31,0.03
383,0.005,0.005,0.03,0.17,0.74,0.045,0.005
384,0.01,0.035,0.03,0.06,0.7075,0.1375,0.02
385,0.06,0.35,0.1125,0.04,0.105,0.135,0.1975
386,0.015,0.01,0.02,0.915,0.02,0.01,0.01
387,0.0,0.0,0.01,0.97,0.015,0.005,0.0
388,0.025,0.04,0.675,0.04,0.05,0.1,0.07
389,0.175,0.0,0.685,0.12,0.005,0.01,0.005
390,0.02,0.015,0.7120000000000001,0.078,0.0975,0.0575,0.02
391,0.02,0.03,0.05,0.115,0.015,0.055,0.715
392,0.465,0.055,0.09,0.065,0.05,0.22,0.055
393,0.91,0.005,0.02,0.005,0.025,0.035,0.0
394,0.02,0.81,0.025,0.0,0.07,0.05,0.025
395,0.29,0.07,0.085,0.285,0.08,0.135,0.055
396,0.01,0.02,0.65,0.155,0.075,0.05,0.04
397,0.015,0.005,0.03,0.85,0.07375,0.01625,0.01
398,0.805,0.04,0.035,0.035,0.03,0.05,0.005
399,0.06,0.01,0.05,0.74,0.075,0.06,0.005
400,0.045,0.035,0.02,0.635,0.02,0.2,0.045
401,0.19,0.0,0.015,0.685,0.03,0.075,0.005
402,0.07,0.09,0.17,0.215,0.215,0.14,0.1
403,0.01,0.015,0.705,0.045,0.04,0.115,0.07
404,0.135,0.06,0.285,0.1,0.145,0.14,0.135
405,0.03,0.055,0.055,0.065,0.07,0.065,0.66
406,0.02,0.05,0.05125,0.01,0.06,0.05,0.75875
407,0.115,0.11,0.0975,0.08,0.055,0.13,0.4125
408,0.01,0.065,0.015,0.01,0.055,0.155,0.69
409,0.005,0.185,0.025,0.0,0.005,0.02,0.76
410,0.875,0.0,0.01875,0.01,0.035,0.055,0.00625
411,0.885,0.005,0.005,0.025,0.02,0.055,0.005
412,0.025,0.56,0.071,0.015,0.12,0.1,0.109
413,0.02,0.205,0.135,0.0325,0.09,0.43,0.0875
414,0.02,0.845,0.01,0.0,0.035,0.075,0.015
415,0.015,0.005,0.015,0.86,0.08,0.01,0.015
416,0.07,0.01,0.01,0.755,0.085,0.055,0.015
417,0.01,0.025,0.025,0.835,0.07,0.015,0.02
418,0.46,0.025,0.085,0.185,0.11,0.09,0.045
419,0.015,0.005,0.035,0.85,0.05,0.01,0.035
420,0.005,0.01,0.01,0.825,0.115,0.03,0.005
421,0.085,0.015,0.06666666666666667,0.7091666666666666,0.035,0.03,0.05916666666666666
422,0.0,0.005,0.005,0.945,0.03,0.005,0.01
423,0.005,0.02,0.015,0.83,0.09,0.035,0.005
424,0.0,0.005,0.005,0.945,0.03,0.005,0.01
425,0.025,0.005,0.015,0.875,0.035,0.025,0.02
426,0.01,0.035,0.705,0.01,0.025,0.13,0.085
427,0.36,0.02,0.055,0.27,0.13,0.145,0.02
428,0.03,0.07,0.6,0.025,0.075,0.11,0.09
429,0.005,0.105,0.715,0.01,0.01,0.105,0.05
430,0.02,0.07,0.085,0.35,0.26,0.14,0.075
431,0.095,0.025,0.645,0.0775,0.045,0.085,0.0275
432,0.12,0.145,0.285,0.065,0.095,0.17,0.12
433,0.115,0.025,0.72,0.04,0.02,0.05,0.03
434,0.02,0.025,0.795,0.045,0.03,0.03,0.055
435,0.0,0.0,0.01,0.35,0.61,0.0,0.03
436,0.085,0.06,0.015,0.01,0.735,0.095,0.0
437,0.025,0.01,0.04,0.655,0.2,0.04,0.03
438,0.01,0.015,0.005,0.055,0.83,0.05,0.035
439,0.02,0.075,0.045,0.005,0.585,0.245,0.025
440,0.005,0.05,0.025,0.015,0.775,0.105,0.025
441,0.025,0.03,0.025,0.01,0.74,0.11,0.06
442,0.025,0.03,0.025,0.01,0.74,0.11,0.06
443,0.015,0.02,0.06,0.045,0.05,0.055,0.755
444,0.04,0.035,0.045,0.04,0.025,0.11,0.705
445,0.015,0.115,0.135,0.02,0.03,0.035,0.65
446,0.05,0.02,0.03,0.06,0.05333333333333334,0.07166666666666667,0.715
447,0.015,0.035,0.03,0.015,0.09,0.07,0.745
448,0.115,0.025,0.05,0.04,0.05,0.075,0.645
449,0.095,0.09,0.06,0.04,0.1575,0.3075,0.25
450,0.75,0.02,0.015,0.015,0.1,0.08,0.02
451,0.895,0.02,0.015,0.025,0.015,0.03,0.0
452,0.83,0.0,0.03,0.025,0.055,0.045,0.015
453,0.8,0.005,0.025,0.04,0.02,0.085,0.025
454,0.21,0.06,0.105,0.07,0.1,0.43,0.025
455,0.085,0.71,0.07,0.005,0.02,0.065,0.045
456,0.02,0.87,0.025,0.015,0.015,0.04,0.015
457,0.02,0.87,0.025,0.015,0.015,0.04,0.015
458,0.08,0.52,0.1,0.02,0.11,0.085,0.085
459,0.01,0.02,0.0,0.965,0.0,0.005,0.0
460,0.02,0.015,0.025,0.73,0.145,0.05,0.015
461,0.085,0.01,0.03,0.795,0.0275,0.0425,0.01
462,0.025,0.06,0.07,0.095,0.435,0.26,0.055
463,0.02,0.005,0.02,0.83,0.05,0.055,0.02
464,0.46,0.01,0.1125,0.1925,0.115,0.09,0.02
465,0.325,0.015,0.585,0.005,0.025,0.045,0.0
466,0.02,0.025,0.665,0.055,0.05,0.17,0.015
467,0.0,0.0,0.995,0.005,0.0,0.0,0.0
468,0.03,0.09,0.065,0.095,0.25666666666666665,0.39833333333333326,0.065
469,0.0,0.0,0.995,0.005,0.0,0.0,0.0
470,0.0,0.0,0.985,0.015,0.0,0.0,0.0
471,0.02,0.015,0.02,0.02,0.78875,0.11125,0.025
472,0.03,0.01,0.05,0.025,0.63,0.16,0.095
473,0.145,0.02,0.07,0.035,0.068,0.517,0.145
474,0.065,0.02,0.02,0.125,0.7,0.07,0.0
475,0.015,0.035,0.023333333333333334,0.09666666666666666,0.7425,0.0875,0.0
476,0.035,0.025,0.08,0.035,0.535,0.235,0.055
477,0.01,0.16,0.06,0.0,0.045,0.045,0.68
478,0.07,0.01,0.065,0.025,0.045,0.045,0.74
479,0.015,0.015,0.05125,0.015,0.045,0.095,0.76375
480,0.725,0.065,0.085,0.025,0.02,0.05,0.03
481,0.67,0.04,0.055,0.015,0.09,0.105,0.025
482,0.955,0.0,0.03,0.0,0.005,0.01,0.0
483,0.82,0.0,0.015,0.08,0.045,0.025,0.015
484,0.935,0.0,0.005,0.01,0.015,0.025,0.01
485,0.97,0.0,0.0,0.02,0.0,0.01,0.0
486,0.825,0.015,0.03,0.005,0.02,0.1,0.005
487,0.815,0.025,0.045,0.035,0.015,0.05,0.015
488,0.92,0.0,0.015,0.03,0.02,0.015,0.0
489,0.79,0.005,0.035,0.01,0.02,0.095,0.045
490,0.87,0.01,0.03,0.025,0.03,0.025,0.01
491,0.83,0.03,0.0425,0.03,0.01,0.035,0.0225
492,0.94,0.01,0.02,0.005,0.005,0.015,0.005
493,0.835,0.05,0.035,0.015,0.015,0.035,0.015
494,0.575,0.02,0.045,0.09,0.065,0.15,0.055
495,0.165,0.09125,0.055,0.115,0.15,0.34375,0.08
496,0.62,0.05,0.075,0.06,0.02,0.115,0.06
497,0.95,0.005,0.015,0.005,0.02,0.005,0.0
498,0.695,0.0,0.01,0.06,0.165,0.055,0.015
499,0.905,0.01,0.025,0.005,0.01,0.02,0.025
500,0.795,0.01,0.03,0.01,0.06,0.07,0.025
501,0.025,0.76,0.02,0.02,0.075,0.035,0.065
502,0.015,0.8,0.055,0.01,0.035,0.04,0.045
503,0.03,0.755,0.055,0.025,0.03,0.075,0.03
504,0.01,0.89,0.03,0.015,0.005,0.02,0.03
505,0.005,0.98,0.0,0.0,0.0,0.015,0.0
506,0.015,0.775,0.055,0.015,0.035,0.055,0.05
507,0.185,0.005,0.04,0.715,0.015,0.015,0.025
508,0.035,0.055,0.045,0.6783333333333332,0.055,0.075,0.056666666666666664
509,0.015,0.005,0.035,0.89,0.03,0.01,0.015
510,0.02,0.04,0.045,0.65,0.13,0.1,0.015
511,0.04,0.005,0.055,0.755,0.08,0.035,0.03
512,0.025,0.025,0.02,0.75,0.07,0.09,0.02
513,0.03,0.015,0.04,0.685,0.065,0.085,0.08
514,0.01,0.015,0.11,0.63,0.05,0.12,0.065
515,0.075,0.025,0.055,0.75,0.035,0.025,0.035
516,0.04,0.04,0.0125,0.675,0.125,0.065,0.0425
517,0.05,0.23,0.67,0.005,0.01,0.025,0.01
518,0.04,0.03,0.0725,0.7,0.08,0.01,0.0675
519,0.005,0.02,0.04,0.05,0.725,0.15,0.01
520,0.015,0.035,0.025,0.015,0.795,0.1,0.015
521,0.04,0.07,0.018333333333333333,0.015,0.695,0.13,0.03166666666666666
522,0.015,0.01,0.015,0.01,0.72,0.2,0.03
523,0.01,0.225,0.025,0.02,0.57,0.08,0.07
524,0.005,0.025,0.015,0.015,0.8,0.135,0.005
525,0.035,0.05,0.035,0.025,0.735,0.09,0.03
526,0.015,0.01,0.04,0.23,0.655,0.045,0.005
527,0.05,0.02,0.03,0.03,0.75,0.095,0.025
528,0.02,0.04,0.045,0.15,0.66,0.075,0.01
529,0.02,0.08,0.05583333333333333,0.02,0.725,0.035,0.06416666666666666
530,0.05,0.035,0.02,0.005,0.74,0.12,0.03
531,0.015,0.06,0.05,0.02,0.04,0.215,0.6
532,0.005,0.225,0.015,0.01,0.025,0.055,0.665
533,0.1,0.42,0.06625,0.05,0.07,0.035,0.25875
534,0.055,0.005,0.02,0.025,0.03,0.025,0.84
535,0.055,0.005,0.02,0.025,0.03,0.025,0.84
536,0.035,0.06,0.08,0.235,0.125,0.345,0.12
537,0.165,0.05,0.14,0.1,0.14,0.28,0.125
538,0.575,0.045,0.1,0.03,0.06,0.12,0.07
539,0.87,0.01,0.025,0.04,0.01,0.03,0.015
540,0.89,0.005,0.03,0.005,0.025,0.035,0.01
541,0.1,0.16,0.095,0.07375,0.165,0.33,0.07625
542,0.905,0.0,0.02,0.005,0.015,0.045,0.01
543,0.8,0.1,0.045,0.005,0.025,0.02,0.005
544,0.025,0.77,0.05,0.02,0.08,0.035,0.02
545,0.03,0.74,0.03,0.015,0.06,0.09,0.035
546,0.345,0.04,0.07833333333333332,0.065,0.07,0.33,0.07166666666666667
547,0.035,0.675,0.09,0.03,0.135,0.03,0.005
548,0.05,0.655,0.025,0.01,0.165,0.06,0.035
549,0.01,0.815,0.01,0.025,0.07,0.045,0.025
550,0.02,0.915,0.015,0.0,0.03,0.015,0.005
551,0.015,0.04,0.045,0.6975,0.07,0.11,0.0225
552,0.02,0.0,0.06,0.785,0.105,0.015,0.015
553,0.075,0.035,0.2,0.27,0.1975,0.0925,0.13
554,0.01,0.03,0.72,0.055,0.06,0.055,0.07
555,0.015,0.19,0.68,0.005,0.02,0.03,0.06
556,0.03,0.015,0.02,0.01,0.62,0.265,0.04
557,0.185,0.025,0.07,0.205,0.2625,0.2075,0.045
558,0.02,0.02,0.015,0.04,0.1,0.115,0.69
559,0.035,0.04,0.04,0.045,0.105,0.065,0.67
560,0.025,0.085,0.03833333333333334,0.045,0.06,0.02,0.7266666666666666
561,0.055,0.065,0.055,0.02,0.055,0.13,0.62
562,0.92,0.0,0.015,0.03,0.01,0.025,0.0
563,0.75,0.01,0.025,0.03,0.07,0.095,0.02
564,0.77,0.005,0.02,0.03,0.085,0.075,0.015
565,0.955,0.01,0.005,0.005,0.005,0.01,0.01
566,0.915,0.0,0.01,0.0,0.01,0.055,0.01
567,0.925,0.005,0.03,0.02,0.005,0.015,0.0
568,0.71,0.05833333333333333,0.01,0.045,0.06,0.10666666666666667,0.01
569,0.11,0.295,0.09,0.085,0.18000000000000005,0.19999999999999996,0.04
570,0.005,0.94,0.02,0.0,0.01,0.015,0.01
571,0.01,0.825,0.025,0.005,0.035,0.045,0.055
572,0.015,0.765,0.065,0.015,0.06,0.04,0.04
573,0.005,0.92,0.005,0.005,0.015,0.03,0.02
574,0.005,0.94,0.02,0.0,0.01,0.015,0.01
575,0.1,0.09,0.0725,0.1975,0.095,0.385,0.06
576,0.035,0.025,0.08,0.65,0.106,0.079,0.025
577,0.035,0.04,0.085,0.645,0.0675,0.0775,0.05
578,0.0,0.0,0.005,0.965,0.02,0.0,0.01
579,0.065,0.065,0.145,0.08,0.18,0.34,0.125
580,0.0,0.0,0.005,0.965,0.02,0.0,0.01
581,0.195,0.01,0.05,0.605,0.05,0.065,0.025
582,0.045,0.02,0.035,0.725,0.045,0.11,0.02
583,0.035,0.005,0.005,0.84,0.0325,0.0775,0.005
584,0.39,0.04,0.12,0.1675,0.07,0.1,0.1125
585,0.02,0.01,0.005,0.885,0.03,0.05,0.0
586,0.01,0.005,0.005,0.945,0.025,0.01,0.0
587,0.035,0.035,0.07,0.685,0.115,0.04,0.02
588,0.025,0.0,0.00375,0.80125,0.08199999999999999,0.073,0.015
589,0.015,0.05,0.06,0.695,0.03,0.11,0.04
590,0.01,0.005,0.02,0.9,0.04,0.025,0.0
591,0.07,0.125,0.3,0.155,0.105,0.15,0.095
592,0.005,0.005,0.715,0.23,0.03,0.01,0.005
593,0.01,0.025,0.71,0.16,0.005,0.035,0.055
594,0.06,0.01,0.675,0.055,0.065,0.095,0.04
595,0.145,0.025,0.735,0.01,0.005,0.075,0.005
596,0.495,0.025,0.08,0.205,0.095,0.07,0.03
597,0.215,0.01,0.64,0.03,0.045,0.035,0.025
598,0.32,0.025,0.045,0.06,0.155,0.305,0.09
599,0.22,0.01,0.649,0.065,0.015,0.02,0.021
600,0.055,0.145,0.665,0.01,0.04,0.03,0.055
601,0.01,0.04,0.77625,0.0,0.045,0.065,0.06375
602,0.025,0.05,0.725,0.075,0.0225,0.0525,0.05
603,0.04,0.475,0.07,0.055,0.06,0.11,0.19
604,0.01,0.135,0.72,0.01,0.02,0.03,0.075
605,0.06,0.395,0.065,0.005,0.17,0.21,0.095
606,0.18,0.005,0.12,0.4425,0.125,0.08,0.0475
607,0.025,0.05,0.055,0.015,0.6825,0.1325,0.04
608,0.035,0.075,0.04,0.065,0.715,0.045,0.025
609,0.005,0.01,0.025,0.18,0.7470833333333333,0.022916666666666665,0.01
610,0.01,0.015,0.04,0.055,0.69,0.12,0.07
611,0.025,0.025,0.025,0.035,0.76,0.075,0.055
612,0.06,0.015,0.02,0.17,0.685,0.035,0.015
613,0.015,0.02,0.01,0.005,0.8120833333333333,0.11791666666666666,0.02
614,0.015,0.08,0.05,0.01,0.73,0.06,0.055
615,0.06,0.03,0.03,0.125,0.325,0.39,0.04
616,0.0,0.16,0.05,0.005,0.715,0.03,0.04
617,0.005,0.015,0.02,0.115,0.735,0.085,0.025
618,0.03,0.165,0.28375,0.04,0.105,0.225,0.15125
619,0.005,0.18,0.03,0.02,0.065,0.05,0.65
620,0.015,0.045,0.0675,0.04,0.085,0.065,0.6825
621,0.015,0.015,0.0675,0.0375,0.085,0.135,0.645
622,0.015,0.12,0.0,0.03,0.065,0.055,0.715
623,0.04,0.035,0.01,0.025,0.125,0.125,0.64
624,0.015,0.04,0.11,0.055,0.04,0.025,0.715
625,0.0,0.055,0.030833333333333334,0.11416666666666668,0.08125,0.01875,0.7
626,0.0,0.31,0.135,0.075,0.14,0.11,0.23
627,0.05,0.04,0.13,0.11,0.48375,0.09625,0.09
628,0.06,0.015,0.01,0.045,0.08875,0.11625,0.665
629,0.05,0.035,0.065,0.03,0.03,0.12,0.67
630,0.69,0.04,0.04,0.045,0.085,0.08,0.02
631,0.95,0.005,0.0,0.01,0.0,0.02,0.015
632,0.89,0.01,0.025,0.015,0.0,0.045,0.015
633,0.765,0.025,0.05,0.055,0.025,0.065,0.015
634,0.41,0.03,0.075,0.105,0.11,0.205,0.065
635,0.985,0.005,0.0,0.0,0.0,0.01,0.0
636,0.765,0.005,0.045,0.055,0.03,0.08,0.02
637,0.69,0.125,0.035,0.01,0.04,0.085,0.015
638,0.61,0.04,0.165,0.025,0.07,0.085,0.005
639,0.855,0.005,0.045,0.035,0.005,0.045,0.01
640,0.76,0.025,0.06,0.05,0.02,0.065,0.02
641,0.0,0.835,0.01,0.0,0.045,0.05,0.06
642,0.03,0.675,0.065,0.03,0.09,0.065,0.045
643,0.23,0.345,0.185,0.02,0.08,0.08,0.06
644,0.0,0.775,0.105,0.005,0.02,0.05,0.045
645,0.065,0.82,0.01,0.005,0.015,0.025,0.06
646,0.01,0.8,0.06,0.02,0.045,0.03,0.035
647,0.035,0.625,0.065,0.045,0.02,0.13,0.08
648,0.01,0.79,0.035,0.02666666666666667,0.045,0.075,0.018333333333333333
649,0.0,0.83,0.02,0.015,0.015,0.075,0.045
650,0.005,0.75,0.1,0.015,0.025,0.04,0.065
651,0.005,0.785,0.04,0.05,0.05,0.04,0.03
652,0.085,0.11,0.435,0.115,0.095,0.08,0.08
653,0.01,0.0,0.0,0.87,0.07,0.04,0.01
654,0.0,0.0,0.015,0.95,0.01,0.005,0.02
655,0.005,0.06,0.028333333333333332,0.725,0.06,0.065,0.056666666666666664
656,0.045,0.085,0.08083333333333334,0.29916666666666664,0.28833333333333333,0.10666666666666667,0.095
657,0.08,0.1,0.7,0.0,0.04,0.055,0.025
658,0.045,0.095,0.09,0.09,0.5,0.16,0.02
659,0.015,0.045,0.02,0.01,0.815,0.08,0.015
660,0.445,0.045,0.165,0.15,0.045,0.11,0.04
661,0.65,0.015,0.045,0.045,0.095,0.105,0.045
662,0.03,0.015,0.015,0.85,0.07666666666666667,0.013333333333333332,0.0
663,0.15,0.03,0.665,0.015,0.02,0.09,0.03
664,0.065,0.025,0.725,0.08,0.02,0.035,0.05
665,0.895,0.0,0.015,0.0575,0.0275,0.0025,0.0025
666,0.02,0.015,0.02,0.725,0.07,0.125,0.025
667,0.025,0.02,0.045,0.82,0.04,0.045,0.005
668,0.0,0.01,0.02,0.89,0.0575,0.0125,0.01
669,0.035,0.16,0.09833333333333334,0.12,0.09,0.32,0.17666666666666664
670,0.005,0.0,0.01,0.92,0.035,0.02,0.01
671,0.015,0.01,0.035,0.78,0.06,0.075,0.025
672,0.0,0.02,0.005,0.925,0.03,0.015,0.005
673,0.045,0.065,0.68,0.08,0.06,0.06,0.01
674,0.065,0.015,0.745,0.06,0.065,0.035,0.015
675,0.04,0.085,0.665,0.005,0.025,0.175,0.005
676,0.025,0.08,0.015,0.045,0.65,0.17,0.015
677,0.005,0.075,0.025,0.065,0.745,0.035,0.05
678,0.01,0.145,0.045,0.03,0.685,0.035,0.05
679,0.055,0.0,0.025,0.04,0.685,0.195,0.0
680,0.135,0.105,0.12,0.10875,0.1175,0.2025,0.21125
681,0.135,0.085,0.04,0.01,0.07,0.03,0.63
682,0.895,0.005,0.01,0.045,0.01,0.02,0.015
683,0.945,0.0,0.0,0.015,0.005,0.02,0.015
684,0.935,0.015,0.01,0.01,0.005,0.02,0.005
685,0.715,0.03,0.035,0.04,0.01,0.11,0.06
686,0.815,0.01,0.07,0.045,0.015,0.035,0.01
687,0.92,0.005,0.01,0.01,0.01,0.03,0.015
688,0.01,0.91,0.005,0.0,0.02,0.035,0.02
689,0.03,0.65,0.03,0.08,0.055,0.13,0.025
690,0.005,0.845,0.015,0.03,0.035,0.02,0.05
691,0.0,0.847,0.015,0.015,0.02,0.043,0.06
692,0.015,0.565,0.08,0.03,0.07,0.14,0.1
693,0.045,0.565,0.065,0.02875,0.105,0.07,0.12125
694,0.21,0.005,0.02,0.705,0.03,0.025,0.005
695,0.015,0.025,0.03,0.175,0.56,0.145,0.05
696,0.815,0.0,0.045,0.055,0.055,0.03,0.0
697,0.06,0.065,0.1925,0.12,0.115,0.385,0.0625
698,0.005,0.03,0.05,0.04,0.7233333333333334,0.06166666666666667,0.09
699,0.065,0.04,0.235,0.52,0.05,0.045,0.045
700,0.145,0.025,0.695,0.015,0.02,0.075,0.025
701,0.02,0.01,0.045,0.005,0.765,0.135,0.02
702,0.685,0.005,0.07,0.08,0.075,0.055,0.03
703,0.835,0.02,0.05,0.01,0.015,0.055,0.015
704,0.0,0.855,0.03,0.0,0.05,0.045,0.02
705,0.01,0.0,0.045,0.72,0.08,0.095,0.05
706,0.01,0.005,0.045,0.915,0.015,0.0,0.01
707,0.045,0.005,0.005,0.83,0.075,0.03,0.01
708,0.01,0.02,0.025,0.845,0.025,0.025,0.05
709,0.125,0.035,0.02,0.605,0.05,0.105,0.06
710,0.04,0.005,0.03,0.695,0.11666666666666668,0.07333333333333333,0.04
711,0.04,0.045,0.24,0.325,0.14,0.185,0.025
712,0.0,0.0,0.015,0.95,0.015,0.01,0.01
713,0.035,0.035,0.04,0.69,0.01,0.155,0.035
714,0.005,0.02,0.045,0.82,0.025,0.025,0.06
715,0.03,0.025,0.895,0.0,0.02,0.015,0.015
716,0.025,0.015,0.73,0.16,0.03,0.04,0.0
717,0.005,0.1,0.72,0.03,0.03,0.095,0.02
718,0.095,0.05,0.685,0.06,0.055,0.035,0.02
719,0.03,0.025,0.895,0.0,0.02,0.015,0.015
720,0.015,0.025,0.6833333333333335,0.15666666666666665,0.0825,0.0275,0.01
721,0.015,0.03,0.74,0.055,0.06,0.045,0.055
722,0.04,0.005,0.03,0.695,0.11666666666666668,0.07333333333333333,0.04
723,0.01,0.035,0.065,0.035,0.685,0.135,0.035
724,0.01,0.025,0.05,0.035,0.71,0.095,0.075
725,0.045,0.02,0.03,0.06,0.705,0.12,0.02
726,0.045,0.02,0.03,0.06,0.705,0.12,0.02
727,0.09,0.04,0.07,0.03,0.655,0.08,0.035
728,0.045,0.065,0.085,0.305,0.09,0.355,0.055
729,0.045,0.02,0.005,0.04,0.7768333333333334,0.07316666666666667,0.04
730,0.04,0.025,0.01625,0.01,0.7,0.19,0.01875
731,0.015,0.36,0.05,0.09,0.245,0.12,0.12
732,0.04,0.025,0.065,0.015,0.03,0.09,0.735
733,0.075,0.015,0.07,0.025,0.03,0.105,0.68
734,0.015,0.045,0.02,0.035,0.1525,0.0675,0.665
735,0.955,0.01,0.005,0.005,0.005,0.01,0.01
736,0.815,0.015,0.04,0.015,0.0375,0.0525,0.025
737,0.085,0.23,0.06,0.165,0.085,0.34,0.035
738,0.89,0.005,0.02,0.025,0.02,0.04,0.0
739,0.735,0.005,0.015,0.07,0.09083333333333332,0.049166666666666664,0.035
740,0.0,0.71,0.09,0.01,0.075,0.045,0.07
741,0.035,0.745,0.035,0.01,0.045,0.08,0.05
742,0.01,0.9,0.0,0.0,0.015,0.06,0.015
743,0.005,0.96,0.005,0.0,0.01,0.0,0.02
744,0.015,0.7675,0.045,0.015,0.03,0.1025,0.025
745,0.03,0.76,0.0,0.02,0.025,0.125,0.04
746,0.07,0.1,0.05,0.05,0.26,0.355,0.115
747,0.025,0.635,0.025,0.005,0.02,0.265,0.025
748,0.05,0.095,0.155,0.05875,0.245,0.335,0.06125
749,0.02,0.72,0.085,0.01,0.04,0.075,0.05
750,0.015,0.01,0.006666666666666666,0.9383333333333332,0.02,0.005,0.005
751,0.005,0.0,0.03,0.92,0.015,0.03,0.0
752,0.085,0.13,0.11,0.105,0.235,0.25,0.085
753,0.03,0.03,0.165,0.25875,0.32716666666666666,0.11283333333333333,0.07625
754,0.1,0.025,0.695,0.025,0.04,0.08,0.035
755,0.025,0.09,0.01,0.03,0.705,0.09,0.05
756,0.07,0.06,0.03,0.075,0.695,0.05,0.02
757,0.03,0.05,0.05,0.07,0.69,0.075,0.035
758,0.01,0.055,0.055,0.03,0.06,0.08,0.71
759,0.01,0.045,0.055,0.035,0.04,0.145,0.67
760,0.95,0.005,0.015,0.01,0.015,0.005,0.0
761,0.87,0.005,0.01,0.025,0.015,0.05,0.025
762,0.795,0.015,0.055,0.035,0.01,0.07,0.02
763,0.895,0.005,0.01,0.01,0.01,0.05,0.02
764,0.745,0.04,0.04,0.035,0.025,0.06,0.055
765,0.97,0.0,0.005,0.005,0.01,0.01,0.0
766,0.34,0.065,0.1,0.055,0.065,0.29,0.085
767,0.88,0.005,0.01,0.025,0.02,0.045,0.015
768,0.72,0.025,0.025,0.02,0.06,0.115,0.035
769,0.02,0.025,0.05583333333333333,0.07,0.685,0.105,0.03916666666666666
770,0.02,0.08,0.015,0.015,0.78,0.06,0.03
771,0.01,0.025,0.035,0.06,0.815,0.03,0.025
772,0.045,0.015,0.085,0.36,0.205,0.23,0.06
773,0.855,0.01,0.01,0.035,0.015,0.04,0.035
774,0.765,0.005,0.0,0.14,0.07,0.01,0.01
775,0.71,0.01,0.065,0.09,0.04,0.075,0.01
776,0.235,0.005,0.025,0.035,0.02,0.67,0.01
777,0.025,0.015,0.015,0.105,0.055,0.74,0.045
778,0.015,0.035,0.02,0.02,0.11,0.785,0.015
779,0.05,0.005,0.01,0.17,0.085,0.67,0.01
780,0.29,0.04,0.105,0.07,0.28,0.175,0.04
781,0.13,0.0,0.02,0.125,0.015,0.705,0.005
782,0.07,0.03,0.04,0.045,0.085,0.705,0.025
783,0.04,0.03,0.025,0.035,0.13,0.695,0.045
784,0.22,0.0,0.005,0.035,0.055,0.68,0.005
785,0.02,0.015,0.045,0.05,0.065,0.75,0.055
786,0.195,0.015,0.045,0.01,0.03,0.69,0.015
787,0.03,0.015,0.0175,0.0925,0.1,0.71,0.035
788,0.015,0.015,0.05,0.1,0.105,0.695,0.02
789,0.165,0.065,0.085,0.065,0.1,0.455,0.065
790,0.055,0.025,0.09,0.075,0.1,0.585,0.07
791,0.14,0.095,0.06,0.025,0.08,0.545,0.055
792,0.065,0.02,0.03666666666666667,0.7,0.03,0.12,0.028333333333333332
793,0.015,0.025,0.085,0.695,0.045,0.095,0.04
794,0.04,0.03,0.01,0.76,0.05,0.08,0.03
795,0.045,0.015,0.095,0.805,0.015,0.01,0.015
796,0.0,0.0,0.0075,0.9325,0.05,0.01,0.0
797,0.16,0.005,0.05,0.725,0.015,0.035,0.01
798,0.03,0.025,0.055,0.71,0.0925,0.0525,0.035
799,0.04,0.04,0.045,0.72,0.07375,0.04625,0.035
800,0.01,0.045,0.08,0.635,0.0625,0.1275,0.04
801,0.025,0.025,0.06,0.73,0.03,0.105,0.025
802,0.03,0.025,0.03,0.7,0.075,0.1,0.04
803,0.01,0.02,0.0,0.965,0.0,0.005,0.0
804,0.06,0.02,0.02,0.725,0.07,0.075,0.03
805,0.015,0.045,0.785,0.035,0.02,0.04,0.06
806,0.145,0.035,0.655,0.08833333333333333,0.02,0.035,0.021666666666666664
807,0.0,0.0,0.995,0.005,0.0,0.0,0.0
808,0.04,0.025,0.72,0.025,0.065,0.085,0.04
809,0.0,0.0,0.995,0.005,0.0,0.0,0.0
810,0.07,0.28,0.055,0.05,0.15666666666666668,0.2833333333333333,0.105
811,0.0,0.0,0.985,0.015,0.0,0.0,0.0
812,0.04,0.02,0.645,0.07,0.045,0.175,0.005
813,0.08,0.11,0.205,0.135,0.175,0.205,0.09
814,0.005,0.205,0.7,0.0,0.02,0.05,0.02
815,0.02,0.015,0.725,0.045,0.03,0.06,0.105
816,0.04,0.04,0.03,0.055,0.06,0.075,0.7
817,0.025,0.015,0.01,0.04,0.055,0.195,0.66
818,0.02,0.07,0.055,0.015,0.04,0.13,0.67
819,0.01,0.225,0.015,0.0,0.02,0.1,0.63
820,0.05,0.025,0.035,0.025,0.015,0.09,0.76
821,0.17,0.04,0.12,0.07,0.085,0.395,0.12
822,0.04,0.05,0.025,0.045,0.08,0.085,0.675
823,0.0,0.01,0.0,0.0,0.0,0.005,0.985
824,0.025,0.035,0.035,0.045,0.03,0.13,0.7
825,0.03,0.065,0.1,0.01,0.06,0.08,0.655
826,0.06,0.04,0.02,0.03,0.04,0.17,0.64
827,0.005,0.06,0.075,0.0275,0.015,0.125,0.6925
828,0.945,0.005,0.013333333333333332,0.01,0.01,0.015,0.0016666666666666666
829,0.865,0.0,0.025,0.015,0.045,0.045,0.005
830,0.895,0.0,0.045,0.005,0.02,0.035,0.0
831,0.88,0.01,0.025,0.005,0.005,0.065,0.01
832,0.83,0.015,0.03,0.02,0.02,0.07,0.015
833,0.41,0.02,0.08125,0.26,0.045,0.17,0.01375
834,0.9,0.025,0.025,0.01,0.01,0.02,0.01
835,0.925,0.015,0.01,0.005,0.015,0.01,0.02
836,0.925,0.005,0.02,0.005,0.01,0.035,0.0
837,0.66,0.01,0.0,0.025,0.03,0.255,0.02
838,0.895,0.0,0.01,0.025,0.02,0.04,0.01
839,0.885,0.0,0.005,0.035,0.03,0.04,0.005
840,0.89,0.0,0.035,0.02,0.01,0.025,0.02
841,0.035,0.675,0.075,0.035,0.05,0.105,0.025
842,0.04,0.76,0.035,0.015,0.05,0.055,0.045
843,0.025,0.48583333333333334,0.05,0.045,0.2,0.12416666666666666,0.07
844,0.035,0.715,0.05,0.0,0.065,0.05,0.085
845,0.01,0.88,0.0,0.005,0.035,0.055,0.015
846,0.005,0.835,0.02625,0.055,0.02,0.035,0.02375
847,0.01,0.715,0.055,0.06,0.05,0.06,0.05
848,0.01,0.96,0.01,0.0,0.005,0.005,0.01
849,0.01,0.96,0.01,0.0,0.005,0.005,0.01
850,0.0,0.825,0.025,0.01,0.085,0.01,0.045
851,0.055,0.695,0.04,0.045,0.015,0.11,0.04
852,0.01,0.74,0.045,0.04,0.055,0.045,0.065
853,0.05,0.78,0.04,0.0,0.015,0.05,0.065
854,0.005,0.805,0.045,0.0,0.055,0.05,0.04
855,0.01,0.785,0.03,0.005,0.025,0.085,0.06
856,0.025,0.615,0.09,0.055,0.11166666666666668,0.08833333333333333,0.015
857,0.0,0.94,0.02,0.005,0.015,0.02,0.0
858,0.0,0.015,0.035,0.045,0.03,0.825,0.05
859,0.5,0.087,0.13,0.07,0.06,0.09300000000000001,0.06
860,0.01,0.0,0.01,0.04,0.06,0.87,0.01
861,0.055,0.035,0.03,0.015,0.055,0.735,0.075
862,0.045,0.025,0.025,0.015,0.035,0.845,0.01
863,0.01,0.035,0.005,0.025,0.055,0.835,0.035
864,0.19,0.095,0.07,0.04,0.175,0.285,0.145
865,0.09,0.005,0.04,0.035,0.04875,0.75125,0.03
866,0.015,0.07,0.01,0.01,0.045,0.84,0.01
867,0.015,0.035,0.01,0.085,0.15833333333333333,0.6766666666666665,0.02
868,0.045,0.01,0.005,0.125,0.04,0.755,0.02
869,0.015,0.035,0.03,0.02,0.065,0.795,0.04
870,0.03,0.035,0.018333333333333333,0.02,0.035,0.805,0.05666666666666667
871,0.06,0.12,0.08583333333333332,0.22416666666666668,0.27416666666666667,0.18083333333333335,0.055
872,0.03,0.02,0.02,0.04,0.055,0.79,0.045
873,0.04,0.03,0.095,0.03,0.04,0.695,0.07
874,0.025,0.04,0.045,0.025,0.03,0.805,0.03
875,0.185,0.01,0.03,0.58,0.075,0.1,0.02
876,0.24,0.01,0.03,0.66,0.02,0.02,0.02
877,0.375,0.015,0.07,0.205,0.105,0.21,0.02
878,0.21,0.01,0.015,0.665,0.04,0.045,0.015
879,0.11,0.09,0.02,0.685,0.035,0.045,0.015
880,0.065,0.01,0.01,0.76,0.06,0.08,0.015
881,0.005,0.005,0.02,0.89,0.035,0.035,0.01
882,0.05,0.04,0.07333333333333333,0.635,0.05,0.1,0.051666666666666666
883,0.065,0.01,0.01,0.76,0.06,0.08,0.015
884,0.015,0.01,0.07333333333333333,0.7075,0.105,0.07,0.01916666666666667
885,0.035,0.065,0.03,0.765,0.025,0.05,0.03
886,0.005,0.005,0.005,0.9,0.085,0.0,0.0
887,0.01,0.105,0.73,0.035,0.005,0.065,0.05
888,0.075,0.04,0.685,0.035,0.05,0.09,0.025
889,0.025,0.035,0.6075,0.035,0.07,0.18,0.0475
890,0.03,0.085,0.015,0.025,0.775,0.035,0.035
891,0.02,0.03,0.02,0.01,0.715,0.18,0.025
892,0.035,0.03,0.04,0.015,0.695,0.135,0.05
